0.	2.
0.025	1.952934833082746
0.05	1.9299281566180972
0.075	1.9109182386543444
0.1	1.8939915982846862
0.125	1.8784050178685248
0.15	1.8637763240846759
0.175	1.8498779007981994
0.2	1.8365610641710446
0.225	1.8237222762883571
0.25	1.8112859622785311
0.275	1.7991949268717655
0.3	1.787404625030677
0.325	1.7758795454363214
0.35	1.7645908255409541
0.375	1.7535146210629888
0.4	1.7426309570525218
0.425	1.7319228971889047
0.45	1.7213759296938527
0.475	1.7109775045169628
0.5	1.700716678552726
0.525	1.6905838395458206
0.55	1.6805704883254815
0.575	1.6706690649604217
0.6	1.6608728084552262
0.625	1.651175642390891
0.65	1.6415720808675025
0.675	1.632057150503176
0.7	1.6226263252555788
0.725	1.6132754715754603
0.75	1.6040008019545957
0.775	1.5947988353461755
0.8	1.5856663632518482
0.825	1.5766004205121518
0.85	1.5675982600250897
0.875	1.558657330764354
0.9	1.5497752585843945
0.925	1.5409498293912363
0.95	1.53217897433124
0.975	1.5234607567089262
1.	1.514793360392754
1.025	1.5061750795064979
1.05	1.497604309235664
1.075	1.4890795376045975
1.1	1.4805993381014586
1.125	1.472162363046327
1.15	1.463767337612609
1.175	1.4554130544245087
1.2	1.4470983686639585
1.225	1.4388221936292758
1.25	1.4305834966954538
1.275	1.4223812956323876
1.3	1.414214655242936
1.325	1.4060826842873508
1.35	1.3979845326647253
1.375	1.3899193888256243
1.4	1.3818864773930024
1.425	1.373885056971271
1.45	1.3659144181255318
1.475	1.357973881515078
1.5	1.3500627961669367
1.525	1.3421805378768004
1.55	1.3343265077260038
1.575	1.326500130704375
1.6	1.3187008544298673
1.625	1.3109281479567296
1.65	1.3031815006648586
1.675	1.295460421223644
1.7	1.2877644366242706
1.725	1.2800930912750343
1.75	1.2724459461547257
1.775	1.2648225780195421
1.8	1.2572225786595124
1.825	1.2496455542006355
1.85	1.242091124449405
1.875	1.234558922276566
1.9	1.2270485930373183
1.925	1.2195597940253293
1.95	1.2120921939582094
1.975	1.2046454724922664
2.	1.1972193197645162
2.025	1.1898134359601267
2.05	1.1824275309035985
2.075	1.1750613236721
2.1	1.1677145422295538
2.125	1.160386923080095
2.15	1.1530782109397086
2.175	1.1457881584248986
2.2	1.1385165257573158
2.225	1.1312630804834058
2.25	1.1240275972081235
2.275	1.1168098573419163
2.3	1.1096096488601639
2.325	1.102426766074372
2.35	1.0952610094144115
2.375	1.0881121852212132
2.4	1.0809801055492891
2.425	1.073864587978567
2.45	1.0667654554350188
2.475	1.0596825360195627
2.5	1.0526156628448802
2.525	1.0455646738796325
2.55	1.0385294117997637
2.575	1.0315097238464697
2.6	1.024505461690532
2.625	1.0175164813026552
2.65	1.0105426428295423
2.675	1.0035838104754051
2.7	0.9966398523886381
2.725	0.9897106405534266
2.75	0.9827960506860396
2.775	0.9758959621355854
2.8	0.9690102577890283
2.825	0.9621388239802717
2.85	0.9552815504031147
2.875	0.948438330027918
2.9	0.9416090590218132
2.925	0.9347936366722893
2.95	0.9279919653140379
2.975	0.9212039502588885
3.	0.9144294997287259
3.025	0.907668524791261
3.05	0.900920939298541
3.075	0.894186659828084
3.1	0.8874656056265455
3.125	0.8807576985558128
3.15	0.874062863041434
3.175	0.8673810260233097
3.2	0.8607121169085399
3.225	0.8540560675263779
3.25	0.8474128120851949
3.275	0.8407822871314031
3.3	0.8341644315102643
3.325	0.8275591863285208
3.35	0.8209664949188054
3.375	0.8143863028057514
3.4	0.8078185576737857
3.425	0.8012632093365178
3.45	0.7947202097077222
3.475	0.7881895127738239
3.5	0.7816710745679012
3.525	0.7751648531451198
3.55	0.7686708085596001
3.575	0.7621889028426592
3.6	0.7557190999824203
3.625	0.7492613659047456
3.65	0.7428156684554676
3.675	0.7363819773839173
3.7	0.7299602643276906
3.725	0.7235505027986717
3.75	0.717152668170266
3.775	0.710766737665849
3.8	0.7043926903483984
3.825	0.6980305071113178
3.85	0.6916801706704203
3.875	0.6853416655570763
3.9	0.6790149781125238
3.925	0.672700096483316
3.95	0.6663970106179258
3.975	0.6601057122644891
4.	0.6538261949696955
4.025	0.6475584540788208
4.05	0.6413024867369169
4.075	0.6350582918911444
4.1	0.6288258702942823
4.125	0.6226052245093924
4.15	0.616396358915672
4.175	0.6101992797154999
4.2	0.6040139949426846
4.225	0.5978405144719365
4.25	0.5916788500295804
4.275	0.5855290152055291
4.3	0.5793910254665358
4.325	0.5732648981707568
4.35	0.5671506525836405
4.375	0.5610483098951846
4.4	0.5549578932385753
4.425	0.5488794277102589
4.45	0.5428129403914697
4.475	0.5367584603712621
4.5	0.530716018771072
4.525	0.5246856487708769
4.55	0.5186673856369779
4.575	0.5126612667514645
4.6	0.5066673316434239
4.625	0.5006856220219291
4.65	0.49471618181090005
4.675	0.4887590571858673
4.7	0.48281429661273645
4.725	0.47688195088860597
4.75	0.4709620731847375
4.775	0.4650547190917369
4.8	0.4591599466670553
4.825	0.45327781648490073
4.85	0.44740839168864
4.875	0.44155173804583636
4.9	0.435707924005984
4.925	0.4298770207611179
4.95	0.4240591023093666
4.975	0.4182542455216356
5.	0.4124625302115248
5.025	0.4066840392086648
5.05	0.40091885843560937
5.075	0.3951670769884721
5.1	0.3894287872214941
5.125	0.38370408483572405
5.15	0.37799306897203455
5.175	0.3722958423086937
5.2	0.36661251116372995
5.225	0.36094318560233885
5.25	0.355287979549612
5.275	0.34964701090887984
5.3	0.3440204016859538
5.325	0.3384082781196409
5.35	0.3328107708188417
5.375	0.3272280149066442
5.4	0.32166015017179617
5.425	0.3161073212280112
5.45	0.31056967768156496
5.475	0.30504737430767426
5.5	0.2995405712362311
5.525	0.29404943414742757
5.55	0.2885741344779287
5.575	0.2831148496382523
5.6	0.27767176324207976
5.625	0.2722450653482742
5.65	0.26683495271646573
5.675	0.26144162907708535
5.7	0.2560653054168678
5.725	0.25070620028085155
5.75	0.24536454009207165
5.775	0.24004055949015446
5.8	0.23473450169021115
5.825	0.22944661886349027
5.85	0.22417717254139835
5.875	0.21892643404464018
5.9	0.21369468493939991
5.925	0.2084822175226304
5.95	0.20328933533874172
5.975	0.19811635373018044
6.	0.19296360042463268