-0.999	1.7778516982858488
-0.998	1.2564475138740292
-0.997	1.0254488823460595
-0.996	0.8877534710098636
-0.995	0.7937955131454938
-0.994	0.724448692469377
-0.993	0.6705618456732019
-0.992	0.6271335787512099
-0.991	0.5911692497363624
-0.99	0.5607517235652207
-0.989	0.534589260888767
-0.988	0.5117754695615423
-0.987	0.4916530967756867
-0.986	0.47373236342651065
-0.985	0.45763981735073633
-0.984	0.44308505962957107
-0.983	0.42983841954775637
-0.982	0.4177155360903893
-0.981	0.4065664827083163
-0.98	0.39626791818898555
-0.979	0.3867173083871876
-0.978	0.37782863229112496
-0.977	0.36952910836422076
-0.976	0.36175667867923245
-0.975	0.35445807012507013
-0.974	0.34758725130125995
-0.973	0.3411042154398951
-0.972	0.3349740015823799
-0.971	0.3291659121063891
-0.97	0.32365285623661294
-0.969	0.3184108296428248
-0.968	0.3134184748858624
-0.967	0.30865671791169713
-0.966	0.30410845975852263
-0.965	0.29975833756013187
-0.964	0.29559247435480035
-0.963	0.2915983269609301
-0.962	0.2877645127699926
-0.961	0.28408067771342166
-0.96	0.2805373797634648
-0.959	0.27712598431757335
-0.958	0.2738385945876852
-0.957	0.27066794281871787
-0.956	0.2676073586925368
-0.955	0.2646506751360713
-0.954	0.26179221330794583
-0.953	0.25902671442655245
-0.952	0.25634930441398773
-0.951	0.2537554621703025
-0.95	0.2512409820327115
-0.949	0.2488019473529411
-0.948	0.2464347127101648
-0.947	0.24413586861879003
-0.946	0.24190222982451967
-0.945	0.23973081467573026
-0.944	0.23761882893789435
-0.943	0.2355636507971389
-0.942	0.2335628174080666
-0.941	0.231614011944056
-0.94	0.22971505655996524
-0.9390000000000001	0.2278638945593971
-0.938	0.2260585886214866
-0.937	0.22429730894558658
-0.9359999999999999	0.22257832624421642
-0.935	0.22090000487176017
-0.9339999999999999	0.21926079287599662
-0.933	0.2176592296280344
-0.9319999999999999	0.21609392045583695
-0.931	0.21456354475854097
-0.9299999999999999	0.21306684836224477
-0.929	0.21160263918121863
-0.9279999999999999	0.21016978333132305
-0.927	0.20876720152450035
-0.926	0.2073938657660537
-0.925	0.20604879583414867
-0.924	0.2047310580597971
-0.923	0.20343976017468657
-0.922	0.20217405055035578
-0.921	0.2009331154410756
-0.92	0.19971617685631332
-0.919	0.1985224905548373
-0.918	0.1973513442314262
-0.917	0.19620205573635477
-0.916	0.1950739713830981
-0.915	0.1939664647027936
-0.914	0.19287893461880795
-0.913	0.19181080447969168
-0.912	0.19076152061431167
-0.911	0.18973055123077315
-0.91	0.18871738528916643
-0.909	0.18772153152735746
-0.908	0.18674251738792966
-0.907	0.185779888230511
-0.906	0.18483320639087902
-0.905	0.1839020504011381
-0.904	0.1829860142243428
-0.903	0.18208470652750797
-0.902	0.18119775003851465
-0.901	0.18032478085653406
-0.9	0.17946544789482025
-0.899	0.17861940840429227
-0.898	0.17778634287539533
-0.897	0.17696593142140696
-0.896	0.17615786867561165
-0.895	0.17536185951830724
-0.894	0.17457761859398868
-0.893	0.17380486994062222
-0.892	0.17304334651145367
-0.891	0.17229278999755895
-0.89	0.1715529502451841
-0.889	0.17082358506131878
-0.888	0.17010445982055522
-0.887	0.16939534723331956
-0.886	0.16869602700766356
-0.885	0.16800628558059205
-0.884	0.16732591587401582
-0.883	0.16665471701518517
-0.882	0.16599249412559142
-0.881	0.16533905810192567
-0.88	0.16469422533346442
-0.879	0.16405781759164792
-0.878	0.1634296617648255
-0.877	0.16280958969231163
-0.876	0.16219743798248587
-0.875	0.1615930478395564
-0.874	0.1609962648996491
-0.873	0.16040693906613235
-0.872	0.159824924384374
-0.871	0.15925007886324952
-0.87	0.15868226435616234
-0.869	0.15812134643539288
-0.868	0.1575671942275966
-0.867	0.15701968031729704
-0.866	0.15647868070993873
-0.865	0.1559440745605509
-0.864	0.15541574418924342
-0.863	0.15489357488335853
-0.862	0.15437745492530378
-0.861	0.1538672753876528
-0.86	0.1533629300860322
-0.859	0.15286431548756801
-0.858	0.15237133061936686
-0.857	0.151883877003817
-0.856	0.15140185855299537
-0.855	0.1509251815264193
-0.854	0.1504537544314833
-0.853	0.14998748798739964
-0.852	0.1495262949942331
-0.851	0.14907009035134614
-0.85	0.14861879093923008
-0.849	0.14817231557719146
-0.848	0.14773058496459426
-0.847	0.14729352162525494
-0.846	0.14686104985416323
-0.845	0.14643309519526557
-0.844	0.14600958627135738
-0.843	0.145590451932837
-0.842	0.14517562303526604
-0.841	0.14476503200513258
-0.84	0.14435860935647205
-0.839	0.14395629720141115
-0.838	0.14355802890923175
-0.837	0.14316374259527126
-0.836	0.14277337770545082
-0.835	0.14238687497951194
-0.834	0.14200417641402913
-0.833	0.14162522522967896
-0.832	0.14124996583745922
-0.831	0.1408783528827833
-0.83	0.1405103148967593
-0.829	0.14014580876884272
-0.828	0.1397847833645324
-0.827	0.13942718858647976
-0.826	0.13907297536939664
-0.825	0.13872209561884957
-0.824	0.13837450220990272
-0.823	0.13803014895527638
-0.8220000000000001	0.1376889905830569
-0.821	0.13735098272362165
-0.8200000000000001	0.13701608184845804
-0.819	0.13668424530301176
-0.8180000000000001	0.13635543122667995
-0.817	0.1360295986400679
-0.8160000000000001	0.13570670727332457
-0.815	0.1353867176550537
-0.8140000000000001	0.1350695910697367
-0.813	0.13475528948822108
-0.812	0.13444377565375143
-0.8109999999999999	0.13413501297460148
-0.81	0.13382896554422166
-0.8089999999999999	0.13352559812007622
-0.808	0.13322459007874116
-0.8069999999999999	0.13292648094143192
-0.806	0.1326309498983733
-0.8049999999999999	0.1323379642103928
-0.804	0.1320474917281704
-0.8029999999999999	0.1317595008775566
-0.802	0.13147396064963607
-0.8009999999999999	0.13119084058607114
-0.8	0.13091011076432366
-0.7989999999999999	0.13063174178898634
-0.798	0.13035570478211925
-0.7969999999999999	0.13008197136493546
-0.796	0.12981051365495772
-0.7949999999999999	0.12954130424184687
-0.794	0.12927431619427046
-0.7929999999999999	0.12900952303818244
-0.792	0.1287468987502605
-0.7909999999999999	0.12848641774488412
-0.79	0.12822805487498992
-0.789	0.12797178541619006
-0.788	0.1277175850348855
-0.787	0.12746542982448103
-0.786	0.1272152962710212
-0.785	0.12696716109545342
-0.784	0.12672100184346283
-0.783	0.1264767959864654
-0.782	0.12623452151184536
-0.781	0.1259941567554513
-0.78	0.12575568042521046
-0.779	0.1255190715172742
-0.778	0.12528430942330987
-0.777	0.1250513738317355
-0.776	0.1248202447596764
-0.775	0.12459090253797443
-0.774	0.12436332780661438
-0.773	0.12413750150873272
-0.772	0.12391340488315881
-0.771	0.12369101946031075
-0.77	0.12347032705513562
-0.769	0.12325130976544212
-0.768	0.12303394995691497
-0.767	0.12281823026827647
-0.766	0.12260413360304512
-0.765	0.12239164312101207
-0.764	0.12218074223910942
-0.763	0.1219714146154131
-0.762	0.12176364415877437
-0.761	0.12155741501887016
-0.76	0.12135271157514947
-0.759	0.12114951844138656
-0.758	0.12094782045459183
-0.757	0.12074760268077456
-0.756	0.1205488503971657
-0.755	0.1203515491051198
-0.754	0.1201556844933107
-0.753	0.1199612424798625
-0.752	0.11976820917572237
-0.751	0.11957657089677051
-0.75	0.11938631414844587
-0.749	0.1191974256300968
-0.748	0.11900989222949607
-0.747	0.1188237010196874
-0.746	0.11863883925504426
-0.745	0.11845529436940398
-0.744	0.11827305397186405
-0.743	0.11809210584298056
-0.742	0.11791243793439209
-0.741	0.11773403836321919
-0.74	0.11755689541044141
-0.739	0.11738099751767746
-0.738	0.11720633328496761
-0.737	0.11703289146747367
-0.736	0.11686066097309745
-0.735	0.1166896308598877
-0.734	0.11651979033358434
-0.733	0.11635112874466919
-0.732	0.11618363558645843
-0.731	0.1160173004938816
-0.73	0.11585211323752433
-0.729	0.11568806372504697
-0.728	0.11552514199744741
-0.727	0.11536333822203088
-0.726	0.11520264270953323
-0.725	0.1150430458836189
-0.724	0.11488453829739761
-0.723	0.11472711062720224
-0.722	0.11457075367003194
-0.721	0.11441545834211059
-0.72	0.11426121567650928
-0.719	0.11410801682219575
-0.718	0.11395585304039547
-0.717	0.11380471570517231
-0.716	0.11365459629892254
-0.715	0.1135054864139776
-0.714	0.11335737774833005
-0.713	0.11321026211177349
-0.712	0.11306413139610363
-0.711	0.11291897761559988
-0.71	0.11277479287780184
-0.7090000000000001	0.11263156938837042
-0.708	0.11248929945043563
-0.7070000000000001	0.11234797544430976
-0.706	0.11220758989811135
-0.7050000000000001	0.11206842073618109
-0.704	0.11192988985609069
-0.7030000000000001	0.11179227544941212
-0.702	0.11165557037069726
-0.7010000000000001	0.1115197675617474
-0.7	0.11138486004996954
-0.6990000000000001	0.11125084094791304
-0.698	0.11111770345052045
-0.6970000000000001	0.11098544083611299
-0.696	0.11085404646319996
-0.6950000000000001	0.11072351377004999
-0.694	0.110593836274179
-0.6930000000000001	0.11046500756948129
-0.692	0.11033702132675899
-0.6910000000000001	0.11020987129280353
-0.69	0.11008355128739883
-0.6890000000000001	0.10995805520450816
-0.688	0.10983337700882408
-0.687	0.10970951073727961
-0.6859999999999999	0.10958645049637432
-0.685	0.1094641904617159
-0.6839999999999999	0.10934272487692652
-0.683	0.10922204805494451
-0.6819999999999999	0.10910215436929986
-0.681	0.1089830382640578
-0.6799999999999999	0.10886469424598563
-0.679	0.10874711688537697
-0.6779999999999999	0.10863030081519943
-0.677	0.10851424072997594
-0.6759999999999999	0.10839893138552908
-0.675	0.10828436759754412
-0.6739999999999999	0.10817054424161636
-0.673	0.10805745624961581
-0.6719999999999999	0.1079450986135899
-0.671	0.10783346638289637
-0.6699999999999999	0.10772255466109026
-0.669	0.1076123586078481
-0.6679999999999999	0.10750287343808357
-0.667	0.10739409441977314
-0.6659999999999999	0.10728601687491973
-0.665	0.10717863617785012
-0.6639999999999999	0.1070719477547878
-0.663	0.10696594708318109
-0.6619999999999999	0.10686062969103464
-0.661	0.10675599115620446
-0.6599999999999999	0.1066520271058659
-0.659	0.10654873321577649
-0.6579999999999999	0.10644610520975015
-0.657	0.10634413885896551
-0.6559999999999999	0.10624282998136281
-0.655	0.1061421744411379
-0.6539999999999999	0.10604216814809282
-0.653	0.10594280705708171
-0.6519999999999999	0.10584408716744814
-0.651	0.1057460045224722
-0.6499999999999999	0.10564855520884636
-0.649	0.10555173535606757
-0.6479999999999999	0.1054555411359577
-0.647	0.10535996876226608
-0.646	0.10526501448992441
-0.645	0.10517067461469938
-0.644	0.10507694547266881
-0.643	0.10498382343971338
-0.642	0.10489130493104251
-0.641	0.1047993864007386
-0.64	0.10470806434133874
-0.639	0.10461733528326292
-0.638	0.10452719579445288
-0.637	0.10443764247989648
-0.636	0.10434867198323632
-0.635	0.10426028097823359
-0.634	0.10417246618047903
-0.633	0.10408522433896222
-0.632	0.10399855223745104
-0.631	0.10391244669434747
-0.63	0.10382690456228952
-0.629	0.10374192272757288
-0.628	0.10365749810986734
-0.627	0.10357362766186286
-0.626	0.10349030836884648
-0.625	0.10340753724837021
-0.624	0.10332531134990317
-0.623	0.1032436277543419
-0.622	0.1031624835739299
-0.621	0.10308187595163103
-0.62	0.10300180206096658
-0.619	0.10292225910557576
-0.618	0.10284324431897689
-0.617	0.10276475496418071
-0.616	0.10268678776537117
-0.615	0.1026093688223422
-0.614	0.10253243969114632
-0.613	0.10245602533252712
-0.612	0.10238012315273642
-0.611	0.10230473058513703
-0.61	0.10222984509068522
-0.609	0.10215546415736264
-0.608	0.10208158530013588
-0.607	0.10200820605974169
-0.606	0.10193532400428651
-0.605	0.10186293672715337
-0.604	0.10179104184758625
-0.603	0.10171963701018645
-0.602	0.10164871988493326
-0.601	0.10157828866237892
-0.6	0.10150833373377084
-0.599	0.10143886524348454
-0.598	0.10136987907784381
-0.597	0.10130135800109416
-0.596	0.1012333169331629
-0.595	0.10116574240600443
-0.594	0.10109864237012861
-0.593	0.10103200852426096
-0.592	0.10096584188518835
-0.591	0.1009001395725332
-0.59	0.10083489917144606
-0.589	0.1007701191355147
-0.588	0.10070580093803679
-0.587	0.10064193451818802
-0.586	0.10057852230841999
-0.585	0.10051560784646407
-0.584	0.10045309834643393
-0.583	0.1003910367537659
-0.5820000000000001	0.10032942119283911
-0.581	0.1002682498092813
-0.5800000000000001	0.10020752076871897
-0.579	0.10014723225673129
-0.5780000000000001	0.10008737785938904
-0.577	0.10002795982536662
-0.5760000000000001	0.09996897791541101
-0.575	0.09991043025789868
-0.5740000000000001	0.09985231503174509
-0.573	0.09979463044314203
-0.5720000000000001	0.09973737474479272
-0.571	0.09968054618775939
-0.5700000000000001	0.09962414311925367
-0.569	0.0995681638674552
-0.5680000000000001	0.09951260680501839
-0.567	0.09945747033346751
-0.5660000000000001	0.09940275288188541
-0.565	0.0993484529057185
-0.5640000000000001	0.09929456890101004
-0.563	0.09924109933860693
-0.562	0.0991880427775123
-0.5609999999999999	0.09913539776324515
-0.56	0.09908316287638795
-0.5589999999999999	0.0990313367084123
-0.558	0.0989799178835951
-0.5569999999999999	0.09892890504324367
-0.556	0.09887829684422694
-0.5549999999999999	0.09882808705120734
-0.554	0.09877827771729839
-0.5529999999999999	0.09872886828465995
-0.552	0.09867985742354911
-0.5509999999999999	0.098631243820286
-0.55	0.09858302617716265
-0.5489999999999999	0.09853520321177117
-0.548	0.09848777365800018
-0.5469999999999999	0.09844068775861425
-0.546	0.0983940418155102
-0.5449999999999999	0.09834796654482851
-0.544	0.09830209903454748
-0.5429999999999999	0.09825661880686512
-0.542	0.09821152475573697
-0.5409999999999999	0.09816681568637782
-0.54	0.09812249045422053
-0.5389999999999999	0.0980785189254202
-0.538	0.09803495757293743
-0.5369999999999999	0.0979917767073461
-0.536	0.09794897524185658
-0.5349999999999999	0.09790655209818183
-0.534	0.09786450622992078
-0.5329999999999999	0.09782283658703957
-0.532	0.09778154213962177
-0.5309999999999999	0.0977406218715454
-0.53	0.09770007478077536
-0.5289999999999999	0.09765989987891885
-0.528	0.0976200961913704
-0.5269999999999999	0.09758066275717119
-0.526	0.09754159862878807
-0.5249999999999999	0.09750290287253005
-0.524	0.09746457456767367
-0.5229999999999999	0.09742661280701595
-0.522	0.09738901669707727
-0.5209999999999999	0.0973517853562312
-0.52	0.09731491791741814
-0.519	0.0972784135255899
-0.518	0.09724227133987773
-0.517	0.09720649053112437
-0.516	0.0971710702831099
-0.515	0.09713600979332278
-0.514	0.09710130827114118
-0.513	0.09706696493881327
-0.512	0.09703297903130136
-0.511	0.09699934979591343
-0.51	0.09696607649261632
-0.509	0.09693315839359061
-0.508	0.09690059478367412
-0.507	0.09686838495975802
-0.506	0.09683652823106044
-0.505	0.09680502391903588
-0.504	0.09677387135723732
-0.503	0.09674306989143068
-0.502	0.09671261887933522
-0.501	0.09668254777717203
-0.5	0.09665279543128534
-0.499	0.09662339168155577
-0.498	0.09659433593268671
-0.497	0.0965656276027173
-0.496	0.0965372661205058
-0.495	0.09650925092694067
-0.494	0.0964815814752866
-0.493	0.09645419136992334
-0.492	0.09642721171385017
-0.491	0.09640057622592353
-0.49	0.0963742844057039
-0.489	0.0963483357636647
-0.488	0.0963227298224357
-0.487	0.09629746611434953
-0.486	0.09627254418502267
-0.485	0.09624796359082938
-0.484	0.09622372389963171
-0.483	0.09619982469048431
-0.482	0.09617626555399394
-0.481	0.0961530460917028
-0.48	0.09613016591689542
-0.479	0.09610762465379571
-0.478	0.09608542193796012
-0.477	0.09606355741615824
-0.476	0.09604203074630159
-0.475	0.0960208415975412
-0.474	0.09599998965019621
-0.473	0.09597947459567414
-0.472	0.09595929613657032
-0.471	0.0959394539864268
-0.47	0.09591994787023218
-0.469	0.09590077752172464
-0.46799999999999997	0.09588194269168498
-0.46699999999999997	0.09586344313622716
-0.46599999999999997	0.09584527862442485
-0.46499999999999997	0.09582744893626659
-0.46399999999999997	0.09580995386294124
-0.46299999999999997	0.09579279320663038
-0.46199999999999997	0.09577596678049635
-0.46099999999999997	0.09575947440883109
-0.45999999999999996	0.09574331592666326
-0.45899999999999996	0.09572749118041297
-0.45799999999999996	0.0957120000273222
-0.45699999999999996	0.09569684233566353
-0.45599999999999996	0.09568201798474181
-0.45499999999999996	0.09566752686488243
-0.45399999999999996	0.09565336887743464
-0.45299999999999996	0.09563954393476046
-0.45199999999999996	0.09562605196032327
-0.45099999999999996	0.09561289288850214
-0.44999999999999996	0.09560007755989135
-0.44899999999999995	0.09558758374493487
-0.44799999999999995	0.09557542269943865
-0.44699999999999995	0.09556359440199845
-0.44599999999999995	0.09555188184966731
-0.44499999999999995	0.0955407185885729
-0.44399999999999995	0.09552988807840901
-0.44299999999999995	0.09551939034200292
-0.44199999999999995	0.09550922541373957
-0.44099999999999995	0.09549939333899764
-0.43999999999999995	0.09548989417442136
-0.43899999999999995	0.09548072798776568
-0.43799999999999994	0.0954718948580522
-0.43699999999999994	0.09546339487555602
-0.43599999999999994	0.09545522814176911
-0.43499999999999994	0.09544739477127964
-0.43399999999999994	0.09543989488476157
-0.43299999999999994	0.09543272861931798
-0.43199999999999994	0.09542589612180868
-0.43099999999999994	0.09541939755041144
-0.42999999999999994	0.09541323307480516
-0.42899999999999994	0.09540740287600018
-0.42799999999999994	0.09540190714604956
-0.42699999999999994	0.0953967460905603
-0.42599999999999993	0.09539191992380057
-0.42499999999999993	0.09538742887280598
-0.42399999999999993	0.09538327317779073
-0.42299999999999993	0.09537945308820407
-0.42200000000000004	0.09537596886655682
-0.42100000000000004	0.09537282078658216
-0.42000000000000004	0.0953700091348534
-0.41900000000000004	0.09536753420764185
-0.41800000000000004	0.0953653963149659
-0.41700000000000004	0.09536359577799307
-0.41600000000000004	0.09536213293013941
-0.41500000000000004	0.0953610081166424
-0.41400000000000003	0.09536022169476921
-0.41300000000000003	0.09535977403399554
-0.41200000000000003	0.09535966551592973
-0.41100000000000003	0.09535989653432261
-0.41000000000000003	0.09536046749523676
-0.40900000000000003	0.09536137881702215
-0.40800000000000003	0.09536263093046486
-0.40700000000000003	0.09536422427864123
-0.406	0.09536615931732952
-0.405	0.09536843651478151
-0.404	0.09537105635163773
-0.403	0.09537401932151994
-0.402	0.09537732593066897
-0.401	0.09538097669814707
-0.4	0.09538497215589521
-0.399	0.09538931284713094
-0.398	0.09539399933309495
-0.397	0.09539903218308489
-0.396	0.0954044119812665
-0.395	0.0954101393267344
-0.394	0.09541621482685758
-0.393	0.09542263910744007
-0.392	0.09542941280612179
-0.391	0.09543653657398002
-0.39	0.09544401107591818
-0.389	0.09545183699033073
-0.388	0.09546001500972875
-0.387	0.0954685458403107
-0.386	0.09547743020242652
-0.385	0.09548666883040935
-0.384	0.09549626247287828
-0.383	0.09550621189266105
-0.382	0.0955165178668412
-0.381	0.0955271811872492
-0.38	0.09553820266035729
-0.379	0.09554958310661354
-0.378	0.09556132336226587
-0.377	0.09557342427791352
-0.376	0.0955858867191199
-0.375	0.0955987115665601
-0.374	0.09561189971653987
-0.373	0.09562545208043993
-0.372	0.0956393695848701
-0.371	0.09565365317231102
-0.37	0.0956683038008794
-0.369	0.0956833224447799
-0.368	0.09569871009415151
-0.367	0.0957144677544591
-0.366	0.0957305964483101
-0.365	0.09574709721425358
-0.364	0.09576397110820105
-0.363	0.09578121920039642
-0.362	0.09579884257987364
-0.361	0.09581684235230314
-0.36	0.0958352196397019
-0.359	0.09585397558325424
-0.358	0.09587311133832724
-0.357	0.09589262807958095
-0.356	0.09591252699971518
-0.355	0.09593280930881377
-0.354	0.09595347623488693
-0.353	0.09597452902406503
-0.352	0.0959959689407356
-0.351	0.09601779726749589
-0.35	0.0960400153064549
-0.349	0.09606262437639634
-0.348	0.09608562582026484
-0.347	0.09610902099501195
-0.346	0.09613281127863309
-0.345	0.09615699806824254
-0.344	0.09618158278157507
-0.34299999999999997	0.0962065668561697
-0.34199999999999997	0.09623195174945004
-0.34099999999999997	0.09625773897149016
-0.33999999999999997	0.09628392995708653
-0.33899999999999997	0.09631052625682068
-0.33799999999999997	0.09633752941028403
-0.33699999999999997	0.09636494097911075
-0.33599999999999997	0.09639276254628315
-0.33499999999999996	0.09642099571618415
-0.33399999999999996	0.09644964211503351
-0.33299999999999996	0.09647870339118596
-0.33199999999999996	0.09650818121529095
-0.33099999999999996	0.09653807728055558
-0.32999999999999996	0.09656839330219535
-0.32899999999999996	0.09659913101983018
-0.32799999999999996	0.0966302921963349
-0.32699999999999996	0.09666187861736307
-0.32599999999999996	0.09669389203282805
-0.32499999999999996	0.09672633407482249
-0.32399999999999995	0.09675920687011423
-0.32299999999999995	0.09679251229671858
-0.32199999999999995	0.09682625226425973
-0.32099999999999995	0.09686042870178524
-0.31999999999999995	0.09689504357658359
-0.31899999999999995	0.09693009885930642
-0.31799999999999995	0.09696559145615168
-0.31699999999999995	0.09700153360935314
-0.31599999999999995	0.09703792228377103
-0.31499999999999995	0.09707475956870257
-0.31399999999999995	0.0971120475822416
-0.31299999999999994	0.09714979733762122
-0.31199999999999994	0.09718799334127458
-0.31099999999999994	0.09722664659675904
-0.30999999999999994	0.09726575933363872
-0.30899999999999994	0.09730533381058472
-0.30799999999999994	0.09734537231531687
-0.30699999999999994	0.09738587716576835
-0.30599999999999994	0.09742685070575545
-0.30499999999999994	0.09746829532083587
-0.30399999999999994	0.09751021341523226
-0.30299999999999994	0.09755260742984885
-0.30199999999999994	0.09759547983876322
-0.30099999999999993	0.09763883314329229
-0.29999999999999993	0.09768266988719473
-0.29899999999999993	0.09772699262848814
-0.29799999999999993	0.09777180397468296
-0.29699999999999993	0.09781710629255683
-0.29599999999999993	0.09786290279071115
-0.29500000000000004	0.0979091959012582
-0.29400000000000004	0.09795598837162567
-0.29300000000000004	0.09800328297352269
-0.29200000000000004	0.09805108251797859
-0.29100000000000004	0.09809938985474331
-0.29000000000000004	0.09814820786600563
-0.28900000000000003	0.09819753948170847
-0.28800000000000003	0.09824738764931683
-0.28700000000000003	0.0982977553579626
-0.28600000000000003	0.0983486456748489
-0.28500000000000003	0.09840006166255831
-0.28400000000000003	0.09845200643893089
-0.28300000000000003	0.0985044831933588
-0.28200000000000003	0.09855749503164306
-0.281	0.09861104528169279
-0.28	0.09866513719912545
-0.279	0.09871977410950586
-0.278	0.09877495938178632
-0.277	0.09883069642977378
-0.276	0.09888698870955198
-0.275	0.098943839726101
-0.274	0.09900125303026146
-0.273	0.09905923221385082
-0.272	0.09911778092230779
-0.271	0.09917690284521673
-0.27	0.09923660173168547
-0.269	0.09929688135561397
-0.268	0.09935774556533623
-0.267	0.09941919825095329
-0.266	0.09948123699052377
-0.265	0.09954398467391253
-0.264	0.09960712489820674
-0.263	0.09967098224507735
-0.262	0.09973544356182264
-0.261	0.09980050930844928
-0.26	0.09986618307056701
-0.259	0.09993253954303169
-0.258	0.09999952758816451
-0.257	0.10006698520500673
-0.256	0.10013518326715441
-0.255	0.10020402075832475
-0.254	0.1002735023065324
-0.253	0.10034363260276434
-0.252	0.10041441640185947
-0.251	0.10048585617892154
-0.25	0.1005579987012811
-0.249	0.10063073698620247
-0.248	0.10070418457511401
-0.247	0.10077831069001075
-0.246	0.10085312029061023
-0.245	0.10092861843690006
-0.244	0.10100481066114864
-0.243	0.10108170175329667
-0.242	0.10115929750986793
-0.241	0.10123759907285494
-0.24	0.10131662178358002
-0.239	0.10139636603601612
-0.238	0.10147684365335814
-0.237	0.10155804870228888
-0.236	0.10163999312917456
-0.235	0.1017226686644386
-0.23399999999999999	0.10180610976705536
-0.23299999999999998	0.10189029154256145
-0.23199999999999998	0.10197524940884453
-0.23099999999999998	0.10206099376617851
-0.22999999999999998	0.10214752734178567
-0.22899999999999998	0.10223479037271457
-0.22799999999999998	0.1023228961519548
-0.22699999999999998	0.10241177813905362
-0.22599999999999998	0.10250146407617176
-0.22499999999999998	0.10259196091850965
-0.22399999999999998	0.10268351083125882
-0.22299999999999998	0.10277564436570162
-0.22199999999999998	0.10286860981351083
-0.22099999999999997	0.10296241455254107
-0.21999999999999997	0.10305706607238257
-0.21899999999999997	0.10315257197398346
-0.21799999999999997	0.10324893997296031
-0.21699999999999997	0.10334617790176995
-0.21599999999999997	0.10344429371227633
-0.21499999999999997	0.10354329547781059
-0.21399999999999997	0.10364319139518999
-0.21299999999999997	0.10374398978721594
-0.21199999999999997	0.1038456991032664
-0.21099999999999997	0.10394832792917943
-0.20999999999999996	0.10405188497853404
-0.20899999999999996	0.10415637910279398
-0.20799999999999996	0.10426181929213223
-0.20699999999999996	0.10436821467802128
-0.20599999999999996	0.10447557453623499
-0.20499999999999996	0.10458390828937156
-0.20399999999999996	0.1046932255111013
-0.20299999999999996	0.10480353592536815
-0.20199999999999996	0.10491484941464471
-0.20099999999999996	0.10502717601975854
-0.19999999999999996	0.10514052594404885
-0.19899999999999995	0.10525490955385221
-0.19799999999999995	0.10537033738736415
-0.19699999999999995	0.10548682015790663
-0.19599999999999995	0.10560436875285396
-0.19499999999999995	0.1057229942383548
-0.19399999999999995	0.10584270786517268
-0.19299999999999995	0.10596352107153695
-0.19199999999999995	0.10608544548669356
-0.19099999999999995	0.1062084929359583
-0.18999999999999995	0.1063326754439755
-0.18899999999999995	0.10645800523967977
-0.18799999999999994	0.10658449475997958
-0.18699999999999994	0.10671215665563764
-0.18599999999999994	0.10684100379426255
-0.18499999999999994	0.10697104830052753
-0.18399999999999994	0.10710230371206572
-0.18299999999999994	0.10723478440414036
-0.18199999999999994	0.1073685041638953
-0.18099999999999994	0.10750347702125777
-0.17999999999999994	0.1076397768699627
-0.17899999999999994	0.10777729707921005
-0.17799999999999994	0.1079161140365366
-0.17699999999999994	0.10805624280414994
-0.17599999999999993	0.10819769871104135
-0.17499999999999993	0.1083404973647424
-0.17399999999999993	0.10848465434587008
-0.17299999999999993	0.10863018645984036
-0.17199999999999993	0.10877710987761458
-0.17099999999999993	0.10892551118948574
-0.16999999999999993	0.10907526560089938
-0.16899999999999993	0.10922646267964553
-0.16799999999999993	0.10937896231427732
-0.16699999999999993	0.10953309854674638
-0.16600000000000004	0.10968873110746605
-0.16500000000000004	0.10984587928886487
-0.16400000000000003	0.11000456232420602
-0.16300000000000003	0.1101647997098354
-0.16200000000000003	0.11032661133950952
-0.16100000000000003	0.11049001749378169
-0.16000000000000003	0.11065503884771843
-0.15900000000000003	0.11082169648313202
-0.15800000000000003	0.11099001190519585
-0.15700000000000003	0.11116001731055321
-0.15600000000000003	0.1113316987643795
-0.15500000000000003	0.1115051067403477
-0.15400000000000003	0.11168027688931667
-0.15300000000000002	0.11185720264438899
-0.15200000000000002	0.11203594466494822
-0.15100000000000002	0.1122164789504708
-0.15000000000000002	0.1123988846631831
-0.14900000000000002	0.11258314498581322
-0.14800000000000002	0.11276931105206292
-0.14700000000000002	0.1129574301162276
-0.14600000000000002	0.1131474742210191
-0.14500000000000002	0.11333950043641927
-0.14400000000000002	0.1135335370342037
-0.14300000000000002	0.11372961419767141
-0.14200000000000002	0.1139277610105767
-0.14100000000000001	0.11412800758923815
-0.14	0.1143303852019498
-0.139	0.11453492581689903
-0.138	0.11474166212247557
-0.137	0.11495062755818122
-0.136	0.11516185630427017
-0.135	0.11537538333175658
-0.134	0.11559124446518916
-0.133	0.11580947631410685
-0.132	0.11603011640642502
-0.131	0.11625320300495752
-0.13	0.11647877550021711
-0.129	0.116706874090921
-0.128	0.11693753997790686
-0.127	0.11717081536880158
-0.126	0.11740674350208562
-0.125	0.11764536867889713
-0.124	0.11788673621051984
-0.123	0.11813089283291686
-0.122	0.11837788619620823
-0.121	0.11862776522665876
-0.12	0.11888058009720447
-0.119	0.1191363823025458
-0.118	0.11939522466861202
-0.11699999999999999	0.11965756849472228
-0.11599999999999999	0.11992265826360064
-0.11499999999999999	0.12019095517043693
-0.11399999999999999	0.12046251787393718
-0.11299999999999999	0.12073740662171466
-0.11199999999999999	0.12101568330600637
-0.11099999999999999	0.1212974115227339
-0.10999999999999999	0.12158265663436321
-0.10899999999999999	0.12187148583198933
-0.10799999999999998	0.12216396820502046
-0.10699999999999998	0.12246017481099342
-0.10599999999999998	0.1227601787485825
-0.10499999999999998	0.12306405787908141
-0.10399999999999998	0.12337188864539962
-0.10299999999999998	0.12368374928203367
-0.10199999999999998	0.1239997218726479
-0.10099999999999998	0.12431989096917137
-0.09999999999999998	0.12464434368848556
-0.09899999999999998	0.12497315403298216
-0.09799999999999998	0.12530642646411105
-0.09699999999999998	0.1256442620909837
-0.09599999999999997	0.1259867593446977
-0.09499999999999997	0.12633401976689668
-0.09399999999999997	0.12668613339477994
-0.09299999999999997	0.1270432054904262
-0.09199999999999997	0.12740537614608635
-0.09099999999999997	0.12777274629871863
-0.08999999999999997	0.1281454368785527
-0.08899999999999997	0.1285236724971695
-0.08799999999999997	0.12890739127828238
-0.08699999999999997	0.1292968196409503
-0.08599999999999997	0.12969208607116667
-0.08499999999999996	0.13009332889626118
-0.08399999999999996	0.13050070448648995
-0.08299999999999996	0.13091436433578782
-0.08199999999999996	0.13133383427048012
-0.08099999999999996	0.13176053707229443
-0.07999999999999996	0.13219402672392044
-0.07899999999999996	0.13263442337944079
-0.07799999999999996	0.1330819502692374
-0.07699999999999996	0.13353680789932457
-0.07599999999999996	0.13399930449186004
-0.07499999999999996	0.13446939714825093
-0.07399999999999995	0.13494742646539232
-0.07299999999999995	0.13543361901763945
-0.07199999999999995	0.13592820425531682
-0.07099999999999995	0.13643141746826065
-0.06999999999999995	0.13694343698589778
-0.06899999999999995	0.13746466919734943
-0.06799999999999995	0.1379953188148718
-0.06699999999999995	0.13855469785790106
-0.06599999999999995	0.1391056340362887
-0.06499999999999995	0.13966688652042875
-0.06399999999999995	0.1402396591194822
-0.06299999999999994	0.14082260616622572
-0.061999999999999944	0.14140927139945733
-0.06099999999999994	0.14201583349425395
-0.05999999999999994	0.14263374749392377
-0.05899999999999994	0.14326418713477407
-0.05799999999999994	0.14390758400016546
-0.05699999999999994	0.14456437956565243
-0.05599999999999994	0.14523507536549646
-0.05499999999999994	0.14591094135545968
-0.05399999999999994	0.1466105315572168
-0.052999999999999936	0.1473255948336715
-0.051999999999999935	0.1480568010120719
-0.050999999999999934	0.1488046550049701
-0.04999999999999993	0.14956989115539895
-0.04899999999999993	0.1503553206822583
-0.04799999999999993	0.15115750476714962
-0.04699999999999993	0.15195853556829797
-0.04599999999999993	0.15280009053576085
-0.04499999999999993	0.15366178915313383
-0.04399999999999993	0.15454667473628772
-0.04299999999999993	0.1554547895704107
-0.041999999999999926	0.15638723081183906
-0.040999999999999925	0.15734512103058917
-0.039999999999999925	0.15832965879097377
-0.039000000000000035	0.15934223132159386
-0.038000000000000034	0.16038658559427899
-0.03700000000000003	0.1614573118262758
-0.03600000000000003	0.16256573459105225
-0.03500000000000003	0.1637059871012427
-0.03400000000000003	0.16488261386174063
-0.03300000000000003	0.16609814698555375
-0.03200000000000003	0.16735190754431695
-0.031000000000000028	0.1686533769754639
-0.030000000000000027	0.16999873583065828
-0.029000000000000026	0.17138395163917663
-0.028000000000000025	0.17282782752532158
-0.027000000000000024	0.17432880798064046
-0.026000000000000023	0.17588868753550713
-0.025000000000000022	0.1775146865442045
-0.02400000000000002	0.17922178055802251
-0.02300000000000002	0.18098542008445775
-0.02200000000000002	0.18283489274937564
-0.02100000000000002	0.18477195010186956
-0.020000000000000018	0.1868099675296881
-0.019000000000000017	0.18894786143908077
-0.018000000000000016	0.1912007590519608
-0.017000000000000015	0.19357787888228137
-0.016000000000000014	0.19609567062013905
-0.015000000000000013	0.1987734771035702
-0.014000000000000012	0.2016341415837887
-0.013000000000000012	0.20455084612614163
-0.01200000000000001	0.2077891952864032
-0.01100000000000001	0.2112914243371887
-0.010000000000000009	0.21510474077813507
-0.009000000000000008	0.21927314565605513
-0.008000000000000007	0.22386411416477947
-0.007000000000000006	0.2290463896135548
-0.006000000000000005	0.2348142633707557
-0.0050000000000000044	0.2413542509443797
-0.0040000000000000036	0.24907006255813313
-0.0030000000000000027	0.2604350077813679
-0.0020000000000000018	0.27367964733033556
-0.0010000000000000009	0.28581062687862163
0.	100.
0.0010000000000000009	0.6673860214667041
0.002000000000000113	0.2885280205909832
0.0030000000000000027	0.2800140326731014
0.004000000000000115	0.27540933775322873
0.0050000000000000044	0.27043178032841547
0.006000000000000116	0.2665325718333514
0.007000000000000006	0.26351630112247043
0.008000000000000118	0.26070451354249247
0.009000000000000008	0.2583482105052768
0.01000000000000012	0.2563204106893449
0.01100000000000001	0.25452427910371583
0.012000000000000122	0.25291326523401064
0.013000000000000012	0.2514573407513747
0.014000000000000123	0.2502682024885351
0.015000000000000013	0.24899019408842563
0.016000000000000125	0.24787257162899423
0.017000000000000015	0.24684112101956812
0.018000000000000127	0.24586037389601226
0.019000000000000017	0.2449678783707573
0.02000000000000013	0.24413398802309563
0.02100000000000002	0.24335294587695516
0.02200000000000013	0.24261974048094034
0.02300000000000002	0.2419293654269414
0.024000000000000132	0.24127816186957574
0.025000000000000022	0.24066301799600695
0.025999999999999912	0.24007819071049855
0.027000000000000024	0.23952552161318727
0.027999999999999914	0.23900273660201565
0.029000000000000026	0.23850339507790697
0.029999999999999916	0.23802779951928568
0.031000000000000028	0.2375742650303657
0.03199999999999992	0.23714138531973827
0.03300000000000003	0.23672755125447315
0.03399999999999992	0.23633164438697954
0.03500000000000003	0.2359527005651791
0.03599999999999992	0.23558933670121887
0.03700000000000003	0.23523870484913126
0.03799999999999992	0.23490416235539366
0.039000000000000035	0.23458277940198424
0.039999999999999925	0.23427382433540045
0.041000000000000036	0.23397662201889283
0.041999999999999926	0.23369051571130825
0.04300000000000004	0.23341499298801208
0.04399999999999993	0.2331494848102679
0.04500000000000004	0.2328934927914944
0.04599999999999993	0.23264705544651854
0.04700000000000004	0.23240874763301056
0.04799999999999993	0.23217905855072762
0.049000000000000044	0.23195619040845908
0.04999999999999993	0.23174127880296025
0.051000000000000045	0.23153174334098678
0.051999999999999935	0.23133148172935894
0.05300000000000005	0.23113754195985026
0.05399999999999994	0.23094982902666017
0.05500000000000005	0.23076840330765538
0.05599999999999994	0.23059239697289707
0.05700000000000005	0.2304205218208698
0.05799999999999994	0.23025542622448025
0.05900000000000005	0.23009557432219366
0.05999999999999994	0.2299406763468491
0.061000000000000054	0.22979799988907
0.061999999999999944	0.22964873575474917
0.06300000000000006	0.22950604347106526
0.06399999999999995	0.22937345008116145
0.06500000000000006	0.229235603944041
0.06599999999999995	0.229110151349518
0.06700000000000006	0.2289849526315845
0.06799999999999995	0.22885928000431738
0.06900000000000006	0.22874055521243045
0.06999999999999995	0.22862681381488628
0.07100000000000006	0.22851511692379492
0.07199999999999995	0.2284067691750672
0.07300000000000006	0.22830084260095077
0.07399999999999995	0.22819800239129107
0.07500000000000007	0.22809905578471387
0.07599999999999996	0.2280023002871601
0.07700000000000007	0.22790816851017728
0.07799999999999996	0.22781812518845657
0.07900000000000007	0.22772954079937038
0.07999999999999996	0.22764312843020174
0.08100000000000007	0.22755948031706483
0.08199999999999996	0.22747855200558398
0.08300000000000007	0.22739976249498878
0.08399999999999996	0.22732278644237558
0.08500000000000008	0.22724685195738706
0.08599999999999997	0.22717397008616746
0.08700000000000008	0.22710216424293259
0.08799999999999997	0.22703372556967294
0.08900000000000008	0.22696593329509032
0.08999999999999997	0.2269037611649294
0.09100000000000008	0.22684102718939528
0.09199999999999997	0.22677726397700868
0.09300000000000008	0.2267193792531175
0.09399999999999997	0.2266618737346039
0.09500000000000008	0.2266059776783478
0.09599999999999997	0.2265492400091658
0.09700000000000009	0.22649634943140115
0.09799999999999998	0.2264451725895167
0.09900000000000009	0.226395335551683
0.09999999999999998	0.22634274356959266
0.10100000000000009	0.22629566274588828
0.10199999999999998	0.22624982543318062
0.10300000000000009	0.22620525174575573
0.10399999999999998	0.2261640637945097
0.1050000000000001	0.22612370609498797
0.10599999999999998	0.22608270421359286
0.1070000000000001	0.22604198235902043
0.10799999999999998	0.22601205794195245
0.1090000000000001	0.2259754630576086
0.10999999999999999	0.2259400165236677
0.1110000000000001	0.22590569211342637
0.11199999999999999	0.2258724644481966
0.1130000000000001	0.22584030917481235
0.11399999999999999	0.22580907638718004
0.1150000000000001	0.22577881217897014
0.11599999999999999	0.22574972209438401
0.1170000000000001	0.22572163064167158
0.118	0.22569473761414746
0.1190000000000001	0.22566852429636666
0.12	0.2256432281653163
0.12100000000000011	0.22561875273913343
0.122	0.22559563865034724
0.12300000000000011	0.22557288596852948
0.124	0.22555110179480622
0.1250000000000001	0.2255276024659262
0.126	0.22550744305789586
0.1270000000000001	0.22548807993228895
0.128	0.22546949987244602
0.12900000000000011	0.2254497112733835
0.13	0.2254327349503902
0.13100000000000012	0.22541649503792874
0.132	0.22540100992765918
0.13300000000000012	0.22538791111325868
0.134	0.2253737079700419
0.13500000000000012	0.22536023176220935
0.136	0.22534726479287326
0.13700000000000012	0.2253349180630917
0.138	0.22532318887769207
0.13900000000000012	0.22531210871004248
0.14	0.22530281923371823
0.14100000000000013	0.2252931114541395
0.14200000000000002	0.22528358572017107
0.14300000000000013	0.225275179967118
0.14400000000000002	0.22526696631162854
0.14500000000000013	0.22525902234549577
0.14600000000000002	0.22525196975662548
0.14700000000000013	0.22524562271638535
0.14800000000000002	0.22523912113942027
0.14900000000000013	0.22523335122277066
0.15000000000000002	0.22522805169030305
0.15100000000000013	0.22522354977374318
0.15200000000000002	0.2252214087873939
0.15300000000000014	0.22521741748996135
0.15400000000000003	0.22521451780024926
0.15499999999999992	0.22521510786470098
0.15600000000000003	0.22521332794302074
0.15699999999999992	0.22521151937520414
0.15800000000000003	0.22521042035456593
0.15899999999999992	0.22520979129433974
0.16000000000000003	0.22521077824224692
0.16099999999999992	0.2252115343680432
0.16200000000000003	0.22521226448339332
0.16299999999999992	0.2252134052351256
0.16400000000000003	0.22521495591063642
0.16499999999999992	0.22521691064667396
0.16600000000000004	0.2252192619046449
0.16699999999999993	0.22522297053602922
0.16800000000000004	0.2252261174236197
0.16899999999999993	0.22522924715610276
0.17000000000000004	0.22523315439397248
0.17099999999999993	0.22523718089003067
0.17200000000000004	0.22524191536053167
0.17299999999999993	0.2252468597609787
0.17400000000000004	0.22525151787684708
0.17499999999999993	0.22525712835750847
0.17600000000000005	0.22526308546885626
0.17699999999999994	0.22526899045593118
0.17800000000000005	0.2252756014672302
0.17899999999999994	0.22528251198878496
0.18000000000000005	0.22528972929361324
0.18099999999999994	0.225296612901721
0.18200000000000005	0.2253044128634038
0.18299999999999994	0.22531239856031607
0.18400000000000005	0.22532067173638928
0.18499999999999994	0.22532923074529515
0.18600000000000005	0.2253381193375452
0.18699999999999994	0.22534730146982493
0.18800000000000006	0.22535678079198726
0.18899999999999995	0.22536654826874994
0.19000000000000006	0.2253766163923934
0.19099999999999995	0.2253869212064468
0.19200000000000006	0.22539748104582383
0.19299999999999995	0.22540828900226234
0.19400000000000006	0.22542108298770963
0.19499999999999995	0.22543228159088374
0.19600000000000006	0.2254433978012201
0.19699999999999995	0.22545506622572623
0.19800000000000006	0.22546696127030405
0.19899999999999995	0.2254791226222208
0.20000000000000007	0.22549154139678582
0.20099999999999996	0.22550412066264514
0.20200000000000007	0.2255175197226741
0.20299999999999996	0.22552865331726293
0.20400000000000007	0.22554181880798407
0.20499999999999996	0.22555524723939405
0.20600000000000007	0.22556905297354932
0.20699999999999996	0.22558296093869454
0.20800000000000007	0.225597093172633
0.20899999999999996	0.22561158170549636
0.21000000000000008	0.22562626007630937
0.21099999999999997	0.22564157508838387
0.21200000000000008	0.22565634874823454
0.21299999999999997	0.2256704074228799
0.21400000000000008	0.22568680211727501
0.21499999999999997	0.22570048931925601
0.21600000000000008	0.22571673670222128
0.21699999999999997	0.2257324587057633
0.21800000000000008	0.22574833377438344
0.21899999999999997	0.22576445507278617
0.22000000000000008	0.22578238559003477
0.22099999999999997	0.22579882012608862
0.2220000000000001	0.22581539844217016
0.22299999999999998	0.2258321360532625
0.2240000000000001	0.22584904917764534
0.22499999999999998	0.22586611156521083
0.2260000000000001	0.2258832330270551
0.22699999999999998	0.22590060528539024
0.2280000000000001	0.2259181274443752
0.22899999999999998	0.22593579737652641
0.2300000000000001	0.22595361231974648
0.23099999999999998	0.22597157155998424
0.2320000000000001	0.22598967237960957
0.23299999999999998	0.2260079189439882
0.2340000000000001	0.2260262970133589
0.235	0.2260448107574261
0.2360000000000001	0.22606345828164107
0.237	0.22608223767661478
0.2380000000000001	0.22610114709628543
0.239	0.2261203315740127
0.2400000000000001	0.22613893019978484
0.241	0.2261586581280758
0.2420000000000001	0.22617823813086263
0.243	0.22619772412458544
0.2440000000000001	0.2262173233829362
0.245	0.22623707995846493
0.2460000000000001	0.22625682478770467
0.247	0.22627684123415423
0.2480000000000001	0.2262969711479242
0.249	0.22631674211685923
0.2500000000000001	0.2263370951507737
0.251	0.22635755575847757
0.2520000000000001	0.22637812250815825
0.253	0.22639879384954997
0.2540000000000001	0.22641956829343576
0.255	0.22644337272046772
0.2560000000000001	0.22646399520175323
0.257	0.22648256333036254
0.2580000000000001	0.22650298393073304
0.259	0.22652427326582147
0.2600000000000001	0.2265456487398685
0.261	0.22656712058881517
0.2620000000000001	0.2265887223862711
0.263	0.2266101468045505
0.2640000000000001	0.22663190319817428
0.265	0.2266537496715247
0.2660000000000001	0.2266756844100186
0.267	0.2266977064529101
0.2680000000000001	0.22671981413040754
0.269	0.22674200610574088
0.27000000000000013	0.22676428110353547
0.271	0.22678663787403977
0.27200000000000013	0.22680907525045274
0.273	0.2268315921571424
0.27400000000000013	0.22685417039205313
0.275	0.22687684241790984
0.27600000000000013	0.22689960174704923
0.277	0.22692237685022004
0.27800000000000014	0.22694514434669497
0.279	0.2269679354170605
0.28000000000000014	0.2269911971061548
0.281	0.22701417213255454
0.2819999999999999	0.22703730280040557
0.28300000000000003	0.22706052240716446
0.2839999999999999	0.22708463962554581
0.28500000000000003	0.22710752270276985
0.2859999999999999	0.22713083791572244
0.28700000000000003	0.22715421522330032
0.2879999999999999	0.22717770734408077
0.28900000000000003	0.22720128922368993
0.2899999999999999	0.2272250781973906
0.29100000000000004	0.22724850892541262
0.2919999999999999	0.22727344107111114
0.29300000000000004	0.2272971195934372
0.29399999999999993	0.22732141437043943
0.29500000000000004	0.2273442122686915
0.29599999999999993	0.22736780966862122
0.29700000000000004	0.22739302863430294
0.29799999999999993	0.22741686947127032
0.29900000000000004	0.22744081728564303
0.29999999999999993	0.22746504596486553
0.30100000000000005	0.2274896650495317
0.30199999999999994	0.22751440943312093
0.30300000000000005	0.22753824868954053
0.30399999999999994	0.22756358453278297
0.30500000000000005	0.22758755383000162
0.30599999999999994	0.22761178191961262
0.30700000000000005	0.22763672718672068
0.30799999999999994	0.22766232915951054
0.30900000000000005	0.22768688218524694
0.30999999999999994	0.22771128180165887
0.31100000000000005	0.22773612407998572
0.31199999999999994	0.22776094801204166
0.31300000000000006	0.2277858157342981
0.31399999999999995	0.22781115882397182
0.31500000000000006	0.22783623707728784
0.31599999999999995	0.22786124444649722
0.31700000000000006	0.2278862325832624
0.31799999999999995	0.22791017906941555
0.31900000000000006	0.22793659828443708
0.31999999999999995	0.22796186070855173
0.32100000000000006	0.22798661078511845
0.32199999999999995	0.22801195484885908
0.32300000000000006	0.22803738737048296
0.32399999999999995	0.2280627668096304
0.32500000000000007	0.22808837436784077
0.32599999999999996	0.22811382154841162
0.32700000000000007	0.22813895223408284
0.32799999999999996	0.22816456854173595
0.32900000000000007	0.2281901488669233
0.32999999999999996	0.22821585451673906
0.33100000000000007	0.22824154460006763
0.33199999999999996	0.22826743859931398
0.3330000000000001	0.22829315742443776
0.33399999999999996	0.22831864241402958
0.3350000000000001	0.22834443021121176
0.33599999999999997	0.22837024224934882
0.3370000000000001	0.22839608352112636
0.33799999999999997	0.22842189450744174
0.3390000000000001	0.22844782042053158
0.33999999999999997	0.22847364695922312
0.3410000000000001	0.2284997058890839
0.34199999999999997	0.2285256928278148
0.3430000000000001	0.22855166036796856
0.344	0.22857779367654166
0.3450000000000001	0.22860385654572704
0.346	0.22862994641917803
0.3470000000000001	0.228656063030282
0.348	0.22868220529040126
0.3490000000000001	0.22870827118203774
0.35	0.2287344019037795
0.3510000000000001	0.22876062271044048
0.352	0.22878686628040953
0.3530000000000001	0.22881320722077664
0.354	0.22883991421473496
0.3550000000000001	0.22886623064177505
0.356	0.2288925705401081
0.3570000000000001	0.22891893351333684
0.358	0.22894531919523559
0.3590000000000001	0.22897172717892045
0.36	0.22899815709686755
0.3610000000000001	0.22902460621580772
0.362	0.22905107521272675
0.3630000000000001	0.22907756719950464
0.364	0.22910408162160018
0.3650000000000001	0.22913061798816917
0.366	0.22915717593398677
0.3670000000000001	0.22918374899427713
0.368	0.2292103412028429
0.3690000000000001	0.22923695211840683
0.37	0.22926358139476488
0.3710000000000001	0.22929022773513275
0.372	0.22931575638162718
0.3730000000000001	0.22934243477707306
0.374	0.22936913005510742
0.3750000000000001	0.22939633635663553
0.376	0.22942367253040247
0.3770000000000001	0.22945025441341943
0.378	0.22947705265782037
0.3790000000000001	0.22950387152767598
0.38	0.2295306671478001
0.3810000000000001	0.22955751784931044
0.382	0.2295845273053563
0.3830000000000001	0.22961127002166476
0.384	0.2296381984189491
0.3850000000000001	0.22966504207150745
0.386	0.22969191903340913
0.3870000000000001	0.22971877669970245
0.388	0.22974541862972278
0.3890000000000001	0.22977283650330602
0.39	0.22979929362502327
0.3910000000000001	0.2298262758789515
0.392	0.2298523875331013
0.3930000000000001	0.22988011218541893
0.394	0.22990711326796728
0.39500000000000013	0.2299339945459943
0.396	0.22996081555829265
0.39700000000000013	0.22998800440953376
0.398	0.23001485389356222
0.39900000000000013	0.23004206368967128
0.4	0.2300691564858711
0.40100000000000013	0.23009579544413686
0.402	0.23012255736707207
0.40300000000000014	0.2301496396177489
0.404	0.23017720255812818
0.40500000000000014	0.23020455413918187
0.406	0.2302316672488094
0.40700000000000014	0.23025877714722678
0.40800000000000003	0.23028587340640153
0.4089999999999999	0.2303127240211421
0.41000000000000003	0.23033966851393284
0.4109999999999999	0.2303672870301471
0.41200000000000003	0.23039431081126252
0.4129999999999999	0.23042130589874923
0.41400000000000003	0.2304484516697505
0.4149999999999999	0.23047537516210642
0.41600000000000004	0.23050326600473373
0.4169999999999999	0.2305302071750512
0.41800000000000004	0.23055772370565072
0.41899999999999993	0.23058490162381604
0.42000000000000004	0.23061204559387938
0.42099999999999993	0.23063927974905163
0.42200000000000004	0.2306662860503557
0.42299999999999993	0.23069352723808095
0.42400000000000004	0.2307207591948455
0.42499999999999993	0.23074786775563147
0.42600000000000005	0.23077512311202397
0.42699999999999994	0.2308021008945439
0.42800000000000005	0.23082903553901224
0.42899999999999994	0.23085683781734564
0.43000000000000005	0.2308840745021036
0.43099999999999994	0.23091124375496597
0.43200000000000005	0.23093845373914404
0.43299999999999994	0.230965684462164
0.43400000000000005	0.2309929471922701
0.43499999999999994	0.2310202119954369
0.43600000000000005	0.23104747003613157
0.43699999999999994	0.23107472389299843
0.43800000000000006	0.23110197729612444
0.43899999999999995	0.2311292331048888
0.44000000000000006	0.23115649264940755
0.44099999999999995	0.23118375588360962
0.44200000000000006	0.23121104285316293
0.44299999999999995	0.23123828763702833
0.44400000000000006	0.23126555131709045
0.44499999999999995	0.23129281019232142
0.44600000000000006	0.2313200640893749
0.44699999999999995	0.2313475595246553
0.44800000000000006	0.23137460743925725
0.44899999999999995	0.2314019057268043
0.45000000000000007	0.2314292273350794
0.45099999999999996	0.23145670554189862
0.45200000000000007	0.2314836867188372
0.45299999999999996	0.23151133922722533
0.45400000000000007	0.23153840367258763
0.45499999999999996	0.23156554391243656
0.45600000000000007	0.23159187929318129
0.45699999999999996	0.23162018975288715
0.4580000000000001	0.23164682765616323
0.45899999999999996	0.2316750662199778
0.4600000000000001	0.23170215292541735
0.46099999999999997	0.23172948455287923
0.4620000000000001	0.23175678030093078
0.46299999999999997	0.23178377235252143
0.4640000000000001	0.23181097564570613
0.46499999999999997	0.23183818883593454
0.4660000000000001	0.23186539476530654
0.46699999999999997	0.23189267213604967
0.4680000000000001	0.23192000110888417
0.469	0.23194718340104886
0.4700000000000001	0.23197444338476703
0.471	0.23200179436321539
0.4720000000000001	0.23202913170631972
0.473	0.23205638979478027
0.4740000000000001	0.23208364373593882
0.475	0.23211131936377521
0.4760000000000001	0.23213804866480486
0.477	0.2321653345103437
0.4780000000000001	0.23219180995139035
0.479	0.2322187857381854
0.4800000000000001	0.23224702269947928
0.481	0.23227410441210278
0.4820000000000001	0.2323013329224265
0.483	0.232328544548
0.4840000000000001	0.23235588546700842
0.485	0.23238216916027743
0.4860000000000001	0.2324094553641635
0.487	0.23243747255434424
0.4880000000000001	0.23246478434568
0.489	0.23249198587628966
0.4900000000000001	0.23251921011637078
0.491	0.23254644889503803
0.4920000000000001	0.23257417740541075
0.493	0.23260068868993924
0.4940000000000001	0.23262770517367728
0.495	0.23265476147787972
0.4960000000000001	0.23268201354086587
0.497	0.2327091720935531
0.4980000000000001	0.23273632592357218
0.499	0.23276363374282458
0.5000000000000001	0.23279083412071935
0.501	0.23281795030068644
0.5020000000000001	0.23284508927986372
0.503	0.23287222382360165
0.5040000000000001	0.23289935361041297
0.505	0.2329262498064066
0.5060000000000001	0.23295356139830767
0.507	0.23298063966342938
0.5080000000000001	0.2330076950151855
0.509	0.23303476022254166
0.5100000000000001	0.23306103605792347
0.511	0.2330881180873301
0.5120000000000001	0.2331151311708099
0.513	0.23314243081318306
0.5140000000000001	0.2331701869267633
0.515	0.23319702300661582
0.5160000000000001	0.2332240828743024
0.517	0.23325112920639016
0.5180000000000001	0.2332782236262126
0.519	0.2333051906984329
0.5200000000000001	0.23333220978688118
0.521	0.23335919198701988
0.5220000000000001	0.23338592020902302
0.523	0.23341237039720106
0.5240000000000001	0.23343955451454942
0.525	0.23346746995821085
0.5260000000000001	0.23349331744338211
0.527	0.23352135118238443
0.5280000000000001	0.2335463449881325
0.529	0.23357521725262986
0.5300000000000001	0.23360231516164426
0.531	0.23362901663632535
0.5320000000000001	0.2336559555182263
0.533	0.2336830850802534
0.5340000000000001	0.23370999616407728
0.535	0.23373601798435853
0.5360000000000001	0.2337636819123816
0.537	0.2337922749662662
0.5379999999999999	0.23381953932010005
0.539	0.2338456381504775
0.5399999999999999	0.23387165733300794
0.541	0.23389845346605603
0.5419999999999999	0.23392623044870495
0.543	0.23395246483335227
0.5439999999999999	0.23398077425544156
0.545	0.2340073167847726
0.5459999999999999	0.234034072915419
0.547	0.23405937648544137
0.5479999999999999	0.23408614316839352
0.549	0.23411292004596085
0.5499999999999999	0.2341397165560409
0.551	0.23416650674152917
0.5519999999999999	0.23419328805865833
0.553	0.23422005838244275
0.5539999999999999	0.23424681854389923
0.555	0.23427385111293544
0.5559999999999999	0.23430038871758713
0.557	0.23432712702593947
0.5579999999999999	0.23435373405388127
0.559	0.23438042116456928
0.5599999999999999	0.23440720867216672
0.561	0.23443389077713442
0.5619999999999999	0.2344606081907741
0.5630000000000001	0.23448717704322797
0.564	0.23451384311579218
0.5650000000000001	0.23454050346614536
0.566	0.2345672499753118
0.5670000000000001	0.23459384109740114
0.568	0.23462041135285114
0.5690000000000001	0.23464725680813378
0.57	0.23467312470901366
0.5710000000000001	0.2346994159615129
0.572	0.23472680603326238
0.5730000000000001	0.23475345447665852
0.574	0.2347800140618855
0.5750000000000001	0.23480654245760021
0.576	0.23483314634144492
0.5770000000000001	0.23485970120087934
0.578	0.23488626070555715
0.5790000000000001	0.23491282031297855
0.58	0.23493928682049117
0.5810000000000001	0.2349660084111938
0.582	0.23499185613594595
0.5830000000000001	0.2350180204163111
0.584	0.23504573273288354
0.5850000000000001	0.23507194590253497
0.586	0.23509830799173187
0.5870000000000001	0.2351247432036283
0.588	0.23515118125955772
0.5890000000000001	0.23517764368440167
0.59	0.23520405975721767
0.5910000000000001	0.23523047584017595
0.592	0.23525684267411068
0.5930000000000001	0.235283234182133
0.594	0.2353096175583562
0.5950000000000001	0.23533619772064196
0.596	0.23536264436031554
0.5970000000000001	0.23538891603236636
0.598	0.23541520370803637
0.5990000000000001	0.23544151344145714
0.6	0.2354676431909647
0.6010000000000001	0.23549395041641455
0.602	0.23552024718656253
0.6030000000000001	0.23554653347288318
0.604	0.2355728092471835
0.6050000000000001	0.23559907448181794
0.606	0.23562532914888376
0.6070000000000001	0.23565157321987512
0.608	0.2356778066704269
0.6090000000000001	0.23570402947261251
0.61	0.2357302416031792
0.6110000000000001	0.23575644303032048
0.612	0.23578263373122765
0.6130000000000001	0.23580881367837395
0.614	0.2358349829370462
0.6150000000000001	0.23586114124831956
0.616	0.23588728879378093
0.6170000000000001	0.23591342547774496
0.618	0.23593955129773753
0.6190000000000001	0.23596566621993764
0.62	0.23599177022081605
0.6210000000000001	0.23601786327712443
0.622	0.23604394536661938
0.6230000000000001	0.23607001646606596
0.624	0.2360960765543329
0.6250000000000001	0.23612212560836965
0.626	0.23614819074932483
0.6270000000000001	0.2361742118421738
0.628	0.23619925943319114
0.6290000000000001	0.23622623620250252
0.63	0.23625223959823236
0.6310000000000001	0.23627814406190092
0.632	0.23630419525752983
0.6330000000000001	0.23633015530240928
0.634	0.23635610321446635
0.6350000000000001	0.23638204058121387
0.636	0.23640795776402346
0.6370000000000001	0.2364338741778759
0.638	0.2364597781072911
0.6390000000000001	0.2364847671190011
0.64	0.23651064256095342
0.6410000000000001	0.23653650640950502
0.642	0.2365623589291581
0.6430000000000001	0.23658905134229952
0.644	0.23661496065903861
0.6450000000000001	0.23664078408640685
0.646	0.23666660350466054
0.6470000000000001	0.2366924052871121
0.648	0.2367181949354914
0.6490000000000001	0.2367439732249341
0.65	0.23676974073307683
0.6510000000000001	0.23679541318222852
0.652	0.236821202597
0.6530000000000001	0.23684693493061165
0.654	0.23687265554078285
0.6550000000000001	0.23689836466196687
0.656	0.23692406222681728
0.6570000000000001	0.2369497481448549
0.658	0.23697542242765518
0.6590000000000001	0.23700105231055782
0.66	0.23702670312067983
0.6610000000000001	0.2370523423097765
0.662	0.23707796983667792
0.6630000000000001	0.23710358569562645
0.664	0.2371291898686208
0.6650000000000001	0.23715478235020782
0.666	0.23718036330573708
0.6669999999999999	0.23720592406514324
0.668	0.23723148159413976
0.6689999999999999	0.23725702735651097
0.67	0.23728256133477452
0.6709999999999999	0.23730808349606136
0.672	0.23733359384400748
0.6729999999999999	0.2373590916412173
0.674	0.23738457827084125
0.6749999999999999	0.2374100529412356
0.676	0.23743551574103386
0.6769999999999999	0.23746104791928585
0.678	0.23748648709755177
0.6789999999999999	0.2375119085992033
0.68	0.23753732144715603
0.6809999999999999	0.2375627241559037
0.682	0.23758811055794576
0.6829999999999999	0.23761349127524534
0.684	0.2376379337095272
0.6849999999999999	0.23766421506132712
0.686	0.2376895574891984
0.6869999999999999	0.23771489450832015
0.6880000000000001	0.23774021434303422
0.689	0.23776552332290735
0.6900000000000001	0.23779082190818637
0.691	0.23781611205088424
0.6920000000000001	0.23784138404344993
0.693	0.23786664404005914
0.6940000000000001	0.23789188167608588
0.695	0.2379171184799648
0.6960000000000001	0.2379423433323437
0.697	0.23796756527744437
0.6980000000000001	0.23799277116742426
0.699	0.23801799137787075
0.7000000000000001	0.23804311755863417
0.701	0.23806768645369833
0.7020000000000001	0.2380934349329052
0.703	0.2381185780418939
0.7040000000000001	0.23814373237396436
0.705	0.23816884799724689
0.7060000000000001	0.23819394868226237
0.707	0.23821905365741833
0.7080000000000001	0.23824413355832005
0.709	0.2382692007367529
0.7100000000000001	0.23829425349348782
0.711	0.2383193062636215
0.7120000000000001	0.2383443268056227
0.713	0.2383693479739752
0.7140000000000001	0.2383943512226738
0.715	0.23841934411063317
0.7160000000000001	0.23844432374606453
0.717	0.23846928380512586
0.7180000000000001	0.23849424554332108
0.719	0.23851919060477988
0.7200000000000001	0.23854403616595218
0.721	0.23856895696967884
0.7220000000000001	0.238593865557514
0.723	0.23861876194221854
0.7240000000000001	0.2386436461201877
0.725	0.23866851808374634
0.7260000000000001	0.23869337783886918
0.727	0.2387182253689596
0.7280000000000001	0.23874306069719797
0.729	0.23876788378137748
0.7300000000000001	0.23879269464066083
0.731	0.23881749326837193
0.7320000000000001	0.23884227966146884
0.733	0.23886705307404488
0.7340000000000001	0.2388918150038844
0.735	0.23891657031485608
0.7360000000000001	0.238941299450688
0.737	0.23896602499883784
0.7380000000000001	0.23899073828070413
0.739	0.23901543929294292
0.7400000000000001	0.2390401280238074
0.741	0.2390648044917762
0.7420000000000001	0.23908946868459857
0.743	0.2391141206227282
0.7440000000000001	0.23913876022777827
0.745	0.2391633875950082
0.7460000000000001	0.23918797082949506
0.747	0.23921257355455033
0.7480000000000001	0.23923716400841122
0.749	0.23926174144929158
0.7500000000000001	0.2392863073483961
0.751	0.23931086099140383
0.7520000000000001	0.2393354023166182
0.753	0.23935993082232856
0.7540000000000001	0.2393844468823378
0.755	0.23940895093763237
0.7560000000000001	0.23943344277046355
0.757	0.23945792238286348
0.7580000000000001	0.23948238977726555
0.759	0.2395068464975512
0.7600000000000001	0.23953129454649882
0.761	0.23955577940966039
0.7620000000000001	0.23958022913183025
0.763	0.23960474838317694
0.7640000000000001	0.23962914709191663
0.765	0.23965352856100935
0.7660000000000001	0.23967789817681007
0.767	0.2397022559924263
0.7680000000000001	0.23972659756460668
0.769	0.23975093357820326
0.7700000000000001	0.23977525577062367
0.771	0.2397995640825058
0.7720000000000001	0.23982385359660066
0.773	0.23984803578497033
0.7740000000000001	0.2398723757180573
0.775	0.23989658752302143
0.7760000000000001	0.23992082419737826
0.777	0.23994505670211846
0.7780000000000001	0.23996929246658838
0.779	0.23999350290170826
0.7800000000000001	0.24001783004965327
0.781	0.24004171054316864
0.7820000000000001	0.2400655466193076
0.783	0.24008848139600997
0.7840000000000001	0.24011259614504885
0.785	0.2401383335551783
0.7860000000000001	0.24016275281525856
0.787	0.24018666880557316
0.7880000000000001	0.24021083136126462
0.789	0.2402349191443448
0.7900000000000001	0.24025898657499825
0.791	0.24028306172236735
0.7920000000000001	0.24030711248699588
0.793	0.24033298994663155
0.7939999999999999	0.24035702693644573
0.795	0.24038109592227802
0.7959999999999999	0.24040507460694474
0.797	0.24042906736898245
0.7979999999999999	0.24045334246041797
0.799	0.24047767238921747
0.7999999999999999	0.24050095010137626
0.801	0.240524564663652
0.8019999999999999	0.2405482128053317
0.803	0.2405722068855432
0.8039999999999999	0.24059462460637376
0.805	0.24061850476248964
0.8059999999999999	0.24064237438929298
0.807	0.24066630311900658
0.8079999999999999	0.24069014304887706
0.809	0.2407131626258868
0.8099999999999999	0.2407369956840487
0.811	0.24076079613417845
0.8119999999999999	0.24078460672322086
0.8130000000000001	0.24080840683987878
0.814	0.24083223774006682
0.8150000000000001	0.24085601292030603
0.816	0.2408797207601402
0.8170000000000001	0.24090218019203158
0.818	0.24092633507347236
0.8190000000000001	0.2409500570377812
0.82	0.24097417394901885
0.8210000000000001	0.24099795446778066
0.822	0.2410216408923012
0.8230000000000001	0.24104527390308358
0.824	0.24106894141956653
0.8250000000000001	0.2410926123260437
0.826	0.241116035840326
0.8270000000000001	0.24113996122960185
0.828	0.24116357328423493
0.8290000000000001	0.24118716598848944
0.83	0.24121066798298488
0.8310000000000001	0.24123431666633766
0.832	0.24125787745500932
0.8330000000000001	0.24128128734810744
0.834	0.24130487834570924
0.8350000000000001	0.24132678625952317
0.836	0.24135029528246826
0.8370000000000001	0.2413737926330041
0.838	0.24139727846801137
0.8390000000000001	0.24142238030918708
0.84	0.24144584421572518
0.8410000000000001	0.2414692966674285
0.842	0.24149268359452164
0.8430000000000001	0.24151611404480705
0.844	0.2415395325771518
0.8450000000000001	0.24156293920084945
0.846	0.2415863339262898
0.8470000000000001	0.24160970100007606
0.848	0.24163307054821342
0.8490000000000001	0.24165642810096166
0.85	0.24167976166896943
0.8510000000000001	0.2417030926708875
0.852	0.24172643589497803
0.8530000000000001	0.24174970533602722
0.854	0.24177300823000714
0.8550000000000001	0.24179629165002775
0.856	0.24181956303379876
0.8570000000000001	0.24184282238331226
0.858	0.24186605340728562
0.8590000000000001	0.24188928916701616
0.86	0.24191251198909494
0.8610000000000001	0.24193572281061423
0.862	0.24195892142623257
0.8630000000000001	0.2419821080735939
0.864	0.24200533872342475
0.8650000000000001	0.24202836933835392
0.866	0.24205154658964784
0.8670000000000001	0.24207472995918858
0.868	0.2420978721404886
0.8690000000000001	0.24212092811472413
0.87	0.24214405983987766
0.8710000000000001	0.24216716342310057
0.872	0.24219025805880345
0.8730000000000001	0.24221357988798975
0.874	0.24223663566453718
0.8750000000000001	0.24225967948129354
0.876	0.24228271134066864
0.8770000000000001	0.24230573125082036
0.878	0.24232884742281144
0.8790000000000001	0.24235169541644885
0.88	0.24237465472148842
0.8810000000000001	0.2423975515382924
0.882	0.2424204118134733
0.8830000000000001	0.24244337043037012
0.884	0.24246634132968206
0.8850000000000001	0.24248927881735405
0.886	0.24251217056809019
0.8870000000000001	0.24253515759653008
0.888	0.24255801200003535
0.8890000000000001	0.24258112536651724
0.89	0.24260234695827138
0.8910000000000001	0.2426260549287255
0.892	0.24264803787537417
0.8930000000000001	0.24267086791892117
0.894	0.2426945452423278
0.8950000000000001	0.24271734559489636
0.896	0.24274013642866488
0.8970000000000001	0.2427629127131439
0.898	0.2427862488216438
0.8990000000000001	0.242808893702302
0.9	0.24283165751570873
0.9010000000000001	0.24285447881034827
0.902	0.242877193508608
0.9030000000000001	0.24290021686427696
0.904	0.24292263468229539
0.9050000000000001	0.2429452955989292
0.906	0.24296802033986284
0.9070000000000001	0.2429904888304666
0.908	0.24301313015758946
0.9090000000000001	0.24303577081888378
0.91	0.24305840022017838
0.9110000000000001	0.24308117738225363
0.912	0.24310383017196524
0.9130000000000001	0.24312652534727053
0.914	0.24314907398482669
0.9150000000000001	0.24317163742387002
0.916	0.24319431879747197
0.9170000000000001	0.2432167971219824
0.918	0.24323928810262252
0.9190000000000002	0.24326180861334076
0.92	0.24328431732794317
0.9209999999999999	0.24330681425195508
0.922	0.24332929530257874
0.9229999999999999	0.24335176879508089
0.924	0.243374230519175
0.9249999999999999	0.24339668047945517
0.926	0.2434191186800404
0.9269999999999999	0.2434415451245616
0.928	0.24346395981612595
0.9289999999999999	0.24348571080694323
0.93	0.24350813497570478
0.9309999999999999	0.24353051976789064
0.932	0.24355289343482203
0.9329999999999999	0.24357525595805055
0.934	0.24359790590313699
0.9349999999999999	0.24362020725154931
0.936	0.24364227759675344
0.9369999999999999	0.24366514595408278
0.9380000000000001	0.24368757688418635
0.939	0.2437098022705046
0.9400000000000001	0.24373194559068972
0.941	0.2437543600626744
0.9420000000000001	0.24377658475191602
0.943	0.24379880220461517
0.9440000000000001	0.24382057745749586
0.945	0.2438427308257936
0.9460000000000001	0.24386494822477592
0.947	0.24388709904559724
0.9480000000000001	0.24390924608127773
0.949	0.24393141481247435
0.9500000000000001	0.24395357848872593
0.951	0.24397573092428615
0.9520000000000001	0.24399788634725467
0.953	0.24402011025594833
0.9540000000000001	0.24404226667789844
0.955	0.24406493859930237
0.9560000000000001	0.24408687710205995
0.957	0.2441090724713578
0.9580000000000001	0.24413114127506635
0.959	0.2441528570382772
0.9600000000000001	0.24417490458019445
0.961	0.24419694608027226
0.9620000000000001	0.2442189709875539
0.963	0.244239727257044
0.9640000000000001	0.2442617365693755
0.965	0.24428373476015317
0.9660000000000001	0.24430577007586837
0.967	0.24432773774694114
0.9680000000000001	0.2443496952414662
0.969	0.2443716477262025
0.9700000000000001	0.24439353513540682
0.971	0.2444154594101295
0.9720000000000001	0.24443737230467893
0.973	0.24445927385258892
0.9740000000000001	0.24448116406701614
0.975	0.24450304288930677
0.9760000000000001	0.24452491041980026
0.977	0.24454676662783043
0.9780000000000001	0.2445686115415625
0.979	0.2445904451317168
0.9800000000000001	0.24461226742554926
0.981	0.24463407842891377
0.9820000000000001	0.2446558781549386
0.983	0.244677666611627
0.9840000000000001	0.24469949456467865
0.985	0.24472126067958352
0.9860000000000001	0.24474301555095243
0.987	0.2447647501956954
0.9880000000000001	0.24478645862891918
0.989	0.24480817161949048
0.9900000000000001	0.2448299214356307
0.991	0.24485161977652473
0.9920000000000001	0.24487322057464053
0.993	0.24489489551941626
0.9940000000000001	0.24491663419354198
0.995	0.24493830061347083
0.9960000000000001	0.24495993312078634
0.997	0.24498149968650149
0.9980000000000001	0.2450031289917591
0.999	0.24502478406484027
1.	0.2450463229477845