-0.999	4.108639952585775
-0.998	2.9052193785038654
-0.997	2.3722219209242685
-0.996	2.0545869966824477
-0.995	1.8378929130866448
-0.994	1.677991385980615
-0.993	1.5537610933125552
-0.992	1.453659657882708
-0.991	1.3707763943976934
-0.99	1.3006875826083206
-0.989	1.2404127530051083
-0.988	1.1878607143312256
-0.987	1.1415151706906561
-0.986	1.1002462765726675
-0.985	1.0631925798000765
-0.984	1.0296842602544396
-0.983	0.9991915881335836
-0.982	0.9712893782550028
-0.981	0.9456318688433434
-0.98	0.9219346251373771
-0.979	0.8999612255619007
-0.978	0.8795133094023637
-0.977	0.8604230675069481
-0.976	0.8425474264322457
-0.975	0.8257635586280326
-0.974	0.8099653523067443
-0.973	0.7950605787365101
-0.972	0.7809686490207359
-0.971	0.7676188012633487
-0.97	0.7549485944174535
-0.969	0.7429027023956424
-0.968	0.7314319014478541
-0.967	0.7204922339597752
-0.966	0.710044299649199
-0.965	0.7000526601916064
-0.964	0.6904853915951519
-0.963	0.6813135671933088
-0.962	0.6725109591645941
-0.961	0.6640537116762321
-0.96	0.6559200698840311
-0.959	0.6480901491940562
-0.958	0.6405457337609476
-0.957	0.6332700999320074
-0.956	0.6262478628993391
-0.955	0.6194648432124207
-0.954	0.6129079461896938
-0.953	0.6065650586808311
-0.952	0.6004249562576073
-0.951	0.5944772208162534
-0.95	0.5887121688600225
-0.949	0.5831207844318144
-0.948	0.5776946623218326
-0.947	0.5724259554692931
-0.946	0.5673073286354364
-0.945	0.5623319157389715
-0.944	0.5574932823054274
-0.943	0.5527853911686621
-0.942	0.5482025712113329
-0.941	0.5437394903919881
-0.94	0.5393911285536735
-0.9390000000000001	0.5351527554373228
-0.938	0.5310199092070712
-0.937	0.5269883772178809
-0.9359999999999999	0.5230541784163416
-0.935	0.5192135513545667
-0.9339999999999999	0.515462922960319
-0.933	0.5117989196822976
-0.9319999999999999	0.5082183386100996
-0.931	0.5047181398624283
-0.9299999999999999	0.5012954370715721
-0.929	0.4979474861348004
-0.9279999999999999	0.4946716772709714
-0.927	0.491465526452681
-0.926	0.48832666771646605
-0.925	0.485252846059474
-0.924	0.48224191084741536
-0.923	0.4792918096969712
-0.922	0.4764005838189531
-0.921	0.47356635851189943
-0.92	0.47078734456821497
-0.919	0.46806182947154273
-0.918	0.4653881739505669
-0.917	0.4627648116312946
-0.916	0.4601902327493062
-0.915	0.4576629984987916
-0.914	0.4551817261614071
-0.913	0.4527450924209573
-0.912	0.45035181652631145
-0.911	0.4480006784670323
-0.91	0.44569050277026884
-0.909	0.4434201591651621
-0.908	0.441188560679016
-0.907	0.43899466144444155
-0.906	0.4368374547223516
-0.905	0.43471597105311166
-0.904	0.4326292764925301
-0.903	0.43057647096956914
-0.902	0.428556686708346
-0.901	0.4265690866071081
-0.9	0.4246128635132614
-0.899	0.4226872378613126
-0.898	0.4207914571795223
-0.897	0.41892479465194177
-0.896	0.4170865480686329
-0.895	0.41527603874239033
-0.894	0.41349261051232883
-0.893	0.4117356287816927
-0.892	0.41000447963471903
-0.891	0.40829856896788974
-0.89	0.40661732167627473
-0.889	0.40496018089576796
-0.888	0.40332660707136286
-0.887	0.40171607699463774
-0.886	0.4001280859753647
-0.885	0.3985621420847889
-0.884	0.39701776925527377
-0.883	0.3954945057442373
-0.882	0.3939919035779256
-0.881	0.3925095278621641
-0.88	0.3910469569386614
-0.879	0.3896037809476252
-0.878	0.38817960198985674
-0.877	0.38677403359079954
-0.876	0.385386700200702
-0.875	0.38401723687645295
-0.874	0.38266528885954426
-0.873	0.38133051122749534
-0.872	0.3800125685442321
-0.871	0.3787111345231621
-0.87	0.3774258917231347
-0.869	0.37615653123068815
-0.868	0.37490275237372744
-0.867	0.3736642624383462
-0.866	0.3724407764099194
-0.865	0.3712320167065953
-0.864	0.37003771278326586
-0.863	0.3688576014857468
-0.862	0.3676914259544545
-0.861	0.3665389359777873
-0.86	0.36539988762583603
-0.859	0.36427404309364
-0.858	0.36316117045496465
-0.857	0.36206104349705587
-0.856	0.3609734415517987
-0.855	0.35989814931071373
-0.854	0.35883495666223686
-0.853	0.357783658535627
-0.852	0.3567440546863317
-0.851	0.35571594978207705
-0.85	0.35469915286668685
-0.849	0.35369347757843855
-0.848	0.3526987418257193
-0.847	0.3517147677255438
-0.846	0.35074138146830025
-0.845	0.3497784132019168
-0.844	0.34882569690774895
-0.843	0.34788307030491966
-0.842	0.34695037473237245
-0.841	0.34602745505028953
-0.84	0.34511415954021374
-0.839	0.344210339807471
-0.838	0.3433158506949671
-0.837	0.3424305524886748
-0.836	0.3415543016213501
-0.835	0.34068696441172164
-0.834	0.3398284076376409
-0.833	0.3389785012681557
-0.832	0.338137117636437
-0.831	0.3373041318699158
-0.83	0.33647942168623396
-0.829	0.335662867333866
-0.828	0.33485435150628046
-0.827	0.33405375932047615
-0.826	0.333260978207641
-0.825	0.33247589787170884
-0.824	0.3316984102397728
-0.823	0.33092840939534796
-0.8220000000000001	0.3301657915251318
-0.821	0.32941045486949005
-0.8200000000000001	0.32866229966505606
-0.819	0.32792122810430124
-0.8180000000000001	0.32718714422801126
-0.817	0.3264599540722483
-0.8160000000000001	0.3257395653486824
-0.815	0.32502588757202744
-0.8140000000000001	0.32431883198672645
-0.813	0.3236183115157703
-0.812	0.3229242407218383
-0.8109999999999999	0.32223653577131894
-0.81	0.32155511439079193
-0.8089999999999999	0.32087989583741133
-0.808	0.3202108008527113
-0.8069999999999999	0.31954775164076427
-0.806	0.31889067182434594
-0.8049999999999999	0.31823948641609384
-0.804	0.3175941217858003
-0.8029999999999999	0.31695450562942706
-0.802	0.31632056693897126
-0.8009999999999999	0.31569223597139434
-0.8	0.3150694442264132
-0.7989999999999999	0.31445212440972226
-0.798	0.313840210413915
-0.7969999999999999	0.3132336372826404
-0.796	0.3126323411908426
-0.7949999999999999	0.3120362593359633
-0.794	0.31144533028019294
-0.7929999999999999	0.31085928012970554
-0.792	0.31027847713606044
-0.7909999999999999	0.309702648195284
-0.79	0.30913173732379334
-0.789	0.3085656848815596
-0.788	0.3080044367989143
-0.787	0.3074479383849224
-0.786	0.3068961357883496
-0.785	0.30634897631461105
-0.784	0.305806407865917
-0.783	0.30526837929053713
-0.782	0.30473484027485676
-0.781	0.30420574132857053
-0.78	0.30368103375069905
-0.779	0.30316066965163135
-0.778	0.302644601893072
-0.777	0.3021327840998863
-0.776	0.3016251706309138
-0.775	0.3011217165768919
-0.774	0.30062237773726447
-0.773	0.30012711060839903
-0.772	0.2996358723691283
-0.771	0.2991486208700394
-0.77	0.2986653146154822
-0.769	0.29818591275521517
-0.768	0.29771037507374204
-0.767	0.297238661966211
-0.766	0.2967707344434458
-0.765	0.29630655410850637
-0.764	0.29584608314948924
-0.763	0.29538928432774647
-0.762	0.2949361209672662
-0.761	0.29448655694401643
-0.76	0.29404055667561996
-0.759	0.29359808511148
-0.758	0.29315910772108517
-0.757	0.29272359049027863
-0.756	0.2922914999037164
-0.755	0.29186280294079137
-0.754	0.29143746706738033
-0.753	0.2910154602197685
-0.752	0.29059675071305635
-0.751	0.2901813075995653
-0.75	0.28976910010095874
-0.749	0.2893600979783228
-0.748	0.2889542714239078
-0.747	0.2885515910581664
-0.746	0.28815202792080363
-0.745	0.28775555346609727
-0.744	0.2873621395469483
-0.743	0.28697175841486106
-0.742	0.2865843827253978
-0.741	0.2861999855040129
-0.74	0.2858185401610486
-0.739	0.2854400204680232
-0.738	0.2850644005742385
-0.737	0.2846916549809256
-0.736	0.2843217612851777
-0.735	0.28395468920751177
-0.734	0.28359041702947174
-0.733	0.2832289206294615
-0.732	0.28287017621452687
-0.731	0.28251416031709076
-0.73	0.28216084978644057
-0.729	0.28181022178677195
-0.728	0.28146225379188455
-0.727	0.2811169235790534
-0.726	0.28077420921861423
-0.725	0.2804340890494126
-0.724	0.28009654179329
-0.723	0.27976154637022815
-0.722	0.2794290819721818
-0.721	0.279099128123194
-0.72	0.278771664583051
-0.719	0.2784466713865949
-0.718	0.27812412883104864
-0.717	0.2778040174727768
-0.716	0.27748631812123165
-0.715	0.2771710118379089
-0.714	0.2768580799308331
-0.713	0.2765475039490838
-0.712	0.2762392656822342
-0.711	0.2759333471563345
-0.71	0.27562973062942425
-0.7090000000000001	0.2753283985828276
-0.708	0.2750293337294413
-0.7070000000000001	0.2747325190006839
-0.706	0.27443793754665124
-0.7050000000000001	0.2741455727325127
-0.704	0.27385540813522685
-0.7030000000000001	0.2735674275405079
-0.702	0.27328161493969666
-0.7010000000000001	0.27299795452677106
-0.7	0.2727164306953811
-0.6990000000000001	0.2724370280359896
-0.698	0.2721597313317209
-0.6970000000000001	0.27188452556039344
-0.696	0.2716113958847667
-0.6950000000000001	0.27134032765455585
-0.694	0.27107165358699836
-0.6930000000000001	0.2708046642812483
-0.692	0.2705396936327445
-0.6910000000000001	0.2702767276348223
-0.69	0.27001575252594234
-0.6890000000000001	0.2697567547159898
-0.688	0.26949972078312556
-0.687	0.26924463747132493
-0.6859999999999999	0.26899149169037184
-0.685	0.26874027050549865
-0.6839999999999999	0.26849096114234383
-0.683	0.2682435509944951
-0.6819999999999999	0.2679979724890266
-0.681	0.2677543234772335
-0.6799999999999999	0.26751253675265924
-0.679	0.2672726003074662
-0.6779999999999999	0.26703450228271697
-0.677	0.2667982309585711
-0.6759999999999999	0.26656377475902365
-0.675	0.2663311222602142
-0.6739999999999999	0.2661002621647829
-0.673	0.2658711833171875
-0.6719999999999999	0.26564387470590245
-0.671	0.26541832542041993
-0.6699999999999999	0.26519452472698896
-0.669	0.264972461997744
-0.6679999999999999	0.26475212408112814
-0.667	0.2645335059184299
-0.6659999999999999	0.264316594613439
-0.665	0.2641013800481801
-0.6639999999999999	0.26388785222659117
-0.663	0.26367600127360963
-0.6619999999999999	0.2634658174342033
-0.661	0.26325729106982
-0.6599999999999999	0.2630504126600089
-0.659	0.262845172799132
-0.6579999999999999	0.2626415621935801
-0.657	0.262439571664308
-0.6559999999999999	0.2622391921413253
-0.655	0.2620404146663309
-0.6539999999999999	0.26184323038924595
-0.653	0.26164763056254753
-0.6519999999999999	0.2614536065502757
-0.651	0.26126114979037857
-0.6499999999999999	0.2610702519086785
-0.649	0.26088090454925866
-0.6479999999999999	0.26069309948676767
-0.647	0.26050682858789137
-0.646	0.260322083828474
-0.645	0.2601388572762215
-0.644	0.2599571410964821
-0.643	0.25977692754990545
-0.642	0.25959820899130737
-0.641	0.2594209778688224
-0.64	0.2592452287873788
-0.639	0.25907095025264454
-0.638	0.25889813704849923
-0.637	0.2587267819850208
-0.636	0.25855687796227966
-0.635	0.2583884179674073
-0.634	0.2582213950722445
-0.633	0.2580558024363589
-0.632	0.2578916333021164
-0.631	0.25772888099747976
-0.63	0.2575675389331515
-0.629	0.2574076005978781
-0.628	0.25724905956563426
-0.627	0.2570919094902968
-0.626	0.2569361441041764
-0.625	0.25678175721867874
-0.624	0.25662874272304637
-0.623	0.2564770945836767
-0.622	0.256326806843384
-0.621	0.2561778736205698
-0.62	0.25603028910855946
-0.619	0.25588404757483235
-0.618	0.2557391433603292
-0.617	0.2555955708787679
-0.616	0.2554533246159187
-0.615	0.2553123991289961
-0.614	0.255172789045847
-0.613	0.2550344890634703
-0.612	0.25489749395131317
-0.611	0.2547617985446375
-0.61	0.25462739774788473
-0.609	0.2544942865331268
-0.608	0.25436245993927864
-0.607	0.2542319130716573
-0.606	0.25410264110324443
-0.605	0.25397463926743163
-0.604	0.25384790286669817
-0.603	0.2537224272627311
-0.602	0.25359820789171983
-0.601	0.2534752401771103
-0.6	0.25335351980315274
-0.599	0.25323304232044985
-0.598	0.2531138034090612
-0.597	0.2529957988071465
-0.596	0.25287902431435383
-0.595	0.25276347579052383
-0.594	0.25264914915494113
-0.593	0.25253604038602456
-0.592	0.2524241455228152
-0.591	0.2523134606578009
-0.59	0.25220398194569893
-0.589	0.2520957055947868
-0.588	0.25198862787639675
-0.587	0.2518827451149393
-0.586	0.25177805368970013
-0.585	0.2516745500368135
-0.584	0.2515722306485619
-0.583	0.25147109207325824
-0.5820000000000001	0.25137113090695584
-0.581	0.25127234380943825
-0.5800000000000001	0.251174727489329
-0.579	0.251078278709872
-0.5780000000000001	0.25098299428740506
-0.577	0.2508888710912986
-0.5760000000000001	0.2507959060433071
-0.575	0.25070409611751876
-0.5740000000000001	0.25061343834043964
-0.573	0.2505239297889977
-0.5720000000000001	0.2504355675927711
-0.571	0.25034834893167335
-0.5700000000000001	0.25026227103701076
-0.569	0.250177331189144
-0.5680000000000001	0.25009352671999563
-0.567	0.25001085501094467
-0.5660000000000001	0.24992931349266248
-0.565	0.2498488996464845
-0.5640000000000001	0.2497696110029609
-0.563	0.24969144513788577
-0.562	0.2496143996795285
-0.5609999999999999	0.24953847230424808
-0.56	0.24946366073559836
-0.5589999999999999	0.2493899627454953
-0.558	0.24931737615363989
-0.5569999999999999	0.2492458988273817
-0.556	0.24917552868122914
-0.5549999999999999	0.24910626367719899
-0.554	0.2490381018241122
-0.5529999999999999	0.24897104117764343
-0.552	0.24890507984011667
-0.5509999999999999	0.24884021596033792
-0.55	0.24877644542797567
-0.5489999999999999	0.24871376718745938
-0.548	0.24865218230422606
-0.5469999999999999	0.24859168698186995
-0.546	0.24853227773812495
-0.5449999999999999	0.24847395992879323
-0.544	0.24841672680573418
-0.5429999999999999	0.24836058119510576
-0.542	0.24830551778760615
-0.5409999999999999	0.24825153725532495
-0.54	0.24819863627978647
-0.5389999999999999	0.24814681696563143
-0.538	0.24809607699560993
-0.5369999999999999	0.24804641111273912
-0.536	0.24799781952848776
-0.5349999999999999	0.24795030964242648
-0.534	0.24790386518168545
-0.5329999999999999	0.2478585060261783
-0.532	0.2478142004903284
-0.5309999999999999	0.24777096729357734
-0.53	0.24772880316757426
-0.5289999999999999	0.24768770725191475
-0.528	0.24764767873033378
-0.5269999999999999	0.24760871682700042
-0.526	0.24757082081368725
-0.5249999999999999	0.24753399000575863
-0.524	0.2474982237614968
-0.5229999999999999	0.24746352148338394
-0.522	0.24742988261772825
-0.5209999999999999	0.24739730665477522
-0.52	0.24736579312856075
-0.519	0.24733534161697546
-0.518	0.24730595174180128
-0.517	0.24727762316865595
-0.516	0.24725035560706382
-0.515	0.24722414881047322
-0.514	0.2471990025762354
-0.513	0.24717491674570755
-0.512	0.24715189120427636
-0.511	0.2471299258812894
-0.51	0.2471090207503554
-0.509	0.2470891758291213
-0.508	0.247070391178636
-0.507	0.24705266690681096
-0.506	0.247036003163404
-0.505	0.24702040014343102
-0.504	0.24700585808643052
-0.503	0.2469923772766121
-0.502	0.24697995804280387
-0.501	0.24696860075871208
-0.5	0.24695830584288483
-0.499	0.24694907375904887
-0.498	0.24694090501762114
-0.497	0.24693380016955765
-0.496	0.24692775981573917
-0.495	0.24692278460127792
-0.494	0.24691887521677236
-0.493	0.24691603239869653
-0.492	0.24691425692609228
-0.491	0.2469135495759703
-0.49	0.2469139113371639
-0.489	0.24691534307264826
-0.488	0.24691784575091905
-0.487	0.246921420386434
-0.486	0.2469260680421593
-0.485	0.24693178982680722
-0.484	0.24693858689785675
-0.483	0.2469464604596238
-0.482	0.24695541176445593
-0.481	0.24696544211342597
-0.48	0.24697655285503273
-0.479	0.24698874538702198
-0.478	0.24700202115620518
-0.477	0.2470163816577715
-0.476	0.2470318284364801
-0.475	0.24704825731025057
-0.474	0.24706588184479134
-0.473	0.2470845975954845
-0.472	0.2471044063076887
-0.471	0.24712530977684988
-0.47	0.24714730985034403
-0.469	0.24717040842746157
-0.46799999999999997	0.24719460745862765
-0.46699999999999997	0.24721990894620807
-0.46599999999999997	0.24724631494440957
-0.46499999999999997	0.2472738275620432
-0.46399999999999997	0.24730244896016984
-0.46299999999999997	0.2473321813532098
-0.46199999999999997	0.24736302700912033
-0.46099999999999997	0.24739498825020217
-0.45999999999999996	0.2474280674546992
-0.45899999999999996	0.24746226705514351
-0.45799999999999996	0.24749758953950526
-0.45699999999999996	0.24753403745163285
-0.45599999999999996	0.24757161339024092
-0.45499999999999996	0.24761032001405245
-0.45399999999999996	0.2476501600373818
-0.45299999999999996	0.24769113623229844
-0.45199999999999996	0.2477332514290719
-0.45099999999999996	0.24777650851650207
-0.44999999999999996	0.24782091044105148
-0.44899999999999995	0.24786646021268413
-0.44799999999999995	0.2479131608990379
-0.44699999999999995	0.2479610156288863
-0.44599999999999995	0.24801002759240304
-0.44499999999999995	0.24806020004142143
-0.44399999999999995	0.24811153628912958
-0.44299999999999995	0.24816403971287693
-0.44199999999999995	0.24821771375442783
-0.44099999999999995	0.24827256191869151
-0.43999999999999995	0.2483285877754543
-0.43899999999999995	0.2483857949598593
-0.43799999999999994	0.2484441871730659
-0.43699999999999994	0.2485037681822778
-0.43599999999999994	0.2485645418218379
-0.43499999999999994	0.2486265119965867
-0.43399999999999994	0.24868968267862174
-0.43299999999999994	0.24875405790940397
-0.43199999999999994	0.2488196418006186
-0.43099999999999994	0.24888643853578526
-0.42999999999999994	0.2489544523673594
-0.42899999999999994	0.2490236876220905
-0.42799999999999994	0.24909414870494104
-0.42699999999999994	0.2491658400801423
-0.42599999999999993	0.24923876629476144
-0.42499999999999993	0.24931293198879556
-0.42399999999999993	0.24938834185568243
-0.42299999999999993	0.2494650006740599
-0.42200000000000004	0.24954291330063522
-0.42100000000000004	0.24962208467224403
-0.42000000000000004	0.2497025198030318
-0.41900000000000004	0.2497842237917214
-0.41800000000000004	0.2498672018188452
-0.41700000000000004	0.24995145914699496
-0.41600000000000004	0.25003700112315413
-0.41500000000000004	0.25012383317929143
-0.41400000000000003	0.25021196083367614
-0.41300000000000003	0.2503013896917482
-0.41200000000000003	0.25039212544720363
-0.41100000000000003	0.2504841738830851
-0.41000000000000003	0.2505775408715195
-0.40900000000000003	0.25067223238433967
-0.40800000000000003	0.2507682544731194
-0.40700000000000003	0.2508656132946017
-0.406	0.2509643150973148
-0.405	0.25106436622660605
-0.404	0.2511657731258711
-0.403	0.25126854233788565
-0.402	0.25137268050618417
-0.401	0.2514781943762187
-0.4	0.2515850907928573
-0.399	0.2516933767164268
-0.398	0.2518030592061223
-0.397	0.2519141454307955
-0.396	0.2520266426685007
-0.395	0.2521405583087887
-0.394	0.2522558998537494
-0.393	0.25237267491997856
-0.392	0.2524908912400583
-0.391	0.2526105566643802
-0.39	0.25273167916297784
-0.389	0.25285426682354517
-0.388	0.2529783278642879
-0.387	0.25310387062490974
-0.386	0.25323090357209704
-0.385	0.253359435301574
-0.384	0.25348947454004084
-0.383	0.2536210301472707
-0.382	0.2537541111182598
-0.381	0.2538887265862999
-0.38	0.25402488582130683
-0.379	0.25416259823798076
-0.378	0.2543018733936588
-0.377	0.2544427209894962
-0.376	0.2545851508823479
-0.375	0.25472917307679266
-0.374	0.25487479773163346
-0.373	0.2550220351617364
-0.372	0.25517089584150293
-0.371	0.2553213904071976
-0.37	0.25547352965978803
-0.369	0.2556273245678342
-0.368	0.2557827863416503
-0.367	0.2559399261513936
-0.366	0.2560987555574606
-0.365	0.2562592862255926
-0.364	0.2564215300096893
-0.363	0.25658549894932353
-0.362	0.25675120527212314
-0.361	0.2569186613994018
-0.36	0.25708787994896937
-0.359	0.2572588737391603
-0.358	0.2574316557921852
-0.357	0.2576062393391522
-0.356	0.257782637821967
-0.355	0.2579608648994188
-0.354	0.25814093445014286
-0.353	0.2583228605775304
-0.352	0.2585066576136014
-0.351	0.2586923401199726
-0.35	0.2588799229042477
-0.349	0.2590694210116402
-0.348	0.2592608497372733
-0.347	0.25945422462784284
-0.346	0.25964956148798013
-0.345	0.2598468763853386
-0.344	0.26004618565650467
-0.34299999999999997	0.2602475059118408
-0.34199999999999997	0.2604508540419752
-0.34099999999999997	0.260656247223395
-0.33999999999999997	0.26086370292457545
-0.33899999999999997	0.26107323891227807
-0.33799999999999997	0.26128487325802036
-0.33699999999999997	0.26149862434237764
-0.33599999999999997	0.26171451086562675
-0.33499999999999996	0.2619325518572956
-0.33399999999999996	0.2621527666763017
-0.33299999999999996	0.2623751750215467
-0.33199999999999996	0.26259979693970414
-0.33099999999999996	0.26282665283304163
-0.32999999999999996	0.2630557634676527
-0.32899999999999996	0.2632871499818736
-0.32799999999999996	0.2635208338950244
-0.32699999999999996	0.2637568371162216
-0.32599999999999996	0.263995181953893
-0.32499999999999996	0.26423589112506607
-0.32399999999999995	0.26447898776536494
-0.32299999999999995	0.26472449543912985
-0.32199999999999995	0.2649724381503149
-0.32099999999999995	0.2652228403456041
-0.31999999999999995	0.2654757269458209
-0.31899999999999995	0.26573112333772547
-0.31799999999999995	0.26598905539701867
-0.31699999999999995	0.26624957477717925
-0.31599999999999995	0.2665126579216434
-0.31499999999999995	0.266778357386234
-0.31399999999999995	0.267046701111041
-0.31299999999999994	0.2673177175866605
-0.31199999999999994	0.26759143586970946
-0.31099999999999994	0.2678678855985735
-0.30999999999999994	0.2681470875438568
-0.30899999999999994	0.2684290817615968
-0.30799999999999994	0.26871390062393297
-0.30699999999999994	0.2690015762693617
-0.30599999999999994	0.26929214141606594
-0.30499999999999994	0.2695856548141904
-0.30399999999999994	0.2698820959123493
-0.30299999999999994	0.27018152926699057
-0.30199999999999994	0.2704839904725146
-0.30099999999999993	0.2707895158965365
-0.29999999999999993	0.271098167226666
-0.29899999999999993	0.2714099292153984
-0.29799999999999993	0.2717248696998246
-0.29699999999999993	0.2720430283375802
-0.29599999999999993	0.2723644456838911
-0.29500000000000004	0.2726891871066947
-0.29400000000000004	0.27301723009559203
-0.29300000000000004	0.27334856449469447
-0.29200000000000004	0.2736834685461388
-0.29100000000000004	0.2740222158588379
-0.29000000000000004	0.2743640965106215
-0.28900000000000003	0.27470954683648113
-0.28800000000000003	0.27505861567051076
-0.28700000000000003	0.27541135303749253
-0.28600000000000003	0.2757678101975279
-0.28500000000000003	0.2761280396700216
-0.28400000000000003	0.27649209529366026
-0.28300000000000003	0.2768600322661057
-0.28200000000000003	0.2772319115013668
-0.281	0.2776075604840115
-0.28	0.27798746643374656
-0.279	0.2783714923651996
-0.278	0.27875944395190144
-0.277	0.2791519025661172
-0.276	0.27954867119431676
-0.275	0.27994981787119
-0.274	0.2803554091126751
-0.273	0.28076553806821575
-0.272	0.2811802323324358
-0.271	0.28159959770736204
-0.27	0.2820237123987804
-0.269	0.28245267992955647
-0.268	0.2828865314513682
-0.267	0.28332538248197614
-0.266	0.28376951100871506
-0.265	0.28421854886084436
-0.264	0.28467294544361166
-0.263	0.2851327088632275
-0.262	0.28559793897089386
-0.261	0.28606873888526496
-0.26	0.2865452151541604
-0.259	0.28702747790727623
-0.258	0.2875156410376696
-0.257	0.28800982238586725
-0.256	0.28851014393690044
-0.255	0.2890167320317323
-0.254	0.2895297175906975
-0.253	0.29004923635502056
-0.252	0.2905754291430651
-0.251	0.2911084421253051
-0.25	0.2916484271203118
-0.249	0.2921955419049355
-0.248	0.2927499505537562
-0.247	0.29331182382684856
-0.246	0.29388133953504436
-0.245	0.2944586830614889
-0.244	0.29504404746617713
-0.243	0.2956379084102397
-0.242	0.29623994099661877
-0.241	0.29685060500572563
-0.24	0.2974701401051659
-0.239	0.29809883915118013
-0.238	0.2987366189649447
-0.237	0.2993843071429815
-0.236	0.30004191820381454
-0.235	0.30070974491364405
-0.23399999999999999	0.3013881204407815
-0.23299999999999998	0.30207731869892346
-0.23199999999999998	0.30277770785072244
-0.23099999999999998	0.30348964945560825
-0.22999999999999998	0.30421352593544787
-0.22899999999999998	0.30494955920232264
-0.22799999999999998	0.30569855828455433
-0.22699999999999998	0.3064607826023237
-0.22599999999999998	0.30723705078677116
-0.22499999999999998	0.30802687888690533
-0.22399999999999998	0.3088318190200096
-0.22299999999999998	0.3096521271186306
-0.22199999999999998	0.3104885926804016
-0.22099999999999997	0.3113415779745807
-0.21999999999999997	0.31221196876865537
-0.21899999999999997	0.31310051141852085
-0.21799999999999997	0.31400845744486994
-0.21699999999999997	0.3149360565509515
-0.21599999999999997	0.3158846141723702
-0.21499999999999997	0.3168552178251932
-0.21399999999999997	0.31784905562672533
-0.21299999999999997	0.3188680108743076
-0.21199999999999997	0.3199118497681015
-0.21099999999999997	0.3209837061774307
-0.20999999999999996	0.3220848708899293
-0.20899999999999996	0.32321729518570175
-0.20799999999999996	0.324383162250657
-0.20699999999999996	0.32558492735897915
-0.20599999999999996	0.32682536741740104
-0.20499999999999996	0.32810764260288344
-0.20399999999999996	0.32943539199607735
-0.20299999999999996	0.3308127610982488
-0.20199999999999996	0.3322446933717242
-0.20099999999999996	0.3337367866882521
-0.19999999999999996	0.33529589882555827
-0.19899999999999995	0.3369301993184486
-0.19799999999999995	0.3386496319135358
-0.19699999999999995	0.3404665718268175
-0.19599999999999995	0.3423965523531567
-0.19499999999999995	0.3444598355624225
-0.19399999999999995	0.3466827780567713
-0.19299999999999995	0.3491020728675067
-0.19199999999999995	0.35177023694372295
-0.19099999999999995	0.3547656211549917
-0.18999999999999995	0.3582169316017185
-0.18899999999999995	0.3623579461801452
-0.18799999999999994	0.36769425481643103
-0.18699999999999994	0.3757824209649247
-0.18599999999999994	1.3311136858762391
-0.18499999999999994	1.1888093418984567
-0.18399999999999994	1.1507301239690584
-0.18299999999999994	1.1270732594707544
-0.18199999999999994	1.1096672561697738
-0.18099999999999994	1.0958252377972972
-0.17999999999999994	1.0842871605382078
-0.17899999999999994	1.0743610275909736
-0.17799999999999994	1.0656494120725186
-0.17699999999999994	1.057875993799319
-0.17599999999999993	1.0508421360035356
-0.17499999999999993	1.0444158643443908
-0.17399999999999993	1.0385018113956452
-0.17299999999999993	1.0330137024411903
-0.17199999999999993	1.0279009825087024
-0.17099999999999993	1.0231050279144478
-0.16999999999999993	1.018589300160467
-0.16899999999999993	1.0143156222478056
-0.16799999999999993	1.0102792700083405
-0.16699999999999993	1.0064380842135225
-0.16600000000000004	1.002768289930478
-0.16500000000000004	0.9992629295982695
-0.16400000000000003	0.9959085686512578
-0.16300000000000003	0.9926870157558584
-0.16200000000000003	0.9895914858167035
-0.16100000000000003	0.9866112531615093
-0.16000000000000003	0.9837309216918438
-0.15900000000000003	0.9809621463023551
-0.15800000000000003	0.9782738303738456
-0.15700000000000003	0.9756745823320693
-0.15600000000000003	0.9731649354638657
-0.15500000000000003	0.9707238665663288
-0.15400000000000003	0.9683532327688608
-0.15300000000000002	0.9660496600782745
-0.15200000000000002	0.9638072379974454
-0.15100000000000002	0.9616268115469868
-0.15000000000000002	0.9595024568365049
-0.14900000000000002	0.9574316834633119
-0.14800000000000002	0.9554118947774605
-0.14700000000000002	0.9534333036070742
-0.14600000000000002	0.9515190653799779
-0.14500000000000002	0.9496374402745092
-0.14400000000000002	0.947798100713829
-0.14300000000000002	0.945995359551657
-0.14200000000000002	0.9442295986014462
-0.14100000000000001	0.9425113970788108
-0.14	0.9408234450153308
-0.139	0.9391690880516289
-0.138	0.9375455105844874
-0.137	0.9359551382342841
-0.136	0.934397910067469
-0.135	0.9328669342697863
-0.134	0.9313647329631912
-0.133	0.9298942642932739
-0.132	0.9284451592078188
-0.131	0.9270211274904878
-0.13	0.9256218508891391
-0.129	0.9242489986208816
-0.128	0.9228999496257195
-0.127	0.9215673992187237
-0.126	0.9202594148246589
-0.125	0.9189740084379526
-0.124	0.9177014870784539
-0.123	0.9164595358527792
-0.122	0.9152323323710781
-0.121	0.9140235702919339
-0.12	0.9128330109751633
-0.119	0.9116612435277262
-0.118	0.9105056989344843
-0.11699999999999999	0.9093666498322865
-0.11599999999999999	0.9082457883719858
-0.11499999999999999	0.9071401958916452
-0.11399999999999999	0.9060517369767361
-0.11299999999999999	0.9049786667332139
-0.11199999999999999	0.903920347137681
-0.11099999999999999	0.9028770394572095
-0.10999999999999999	0.9018473699073984
-0.10899999999999999	0.900832597536218
-0.10799999999999998	0.8998327839408266
-0.10699999999999998	0.8988452704899602
-0.10599999999999998	0.8978723129550107
-0.10499999999999998	0.8969119813856521
-0.10399999999999998	0.895964832542684
-0.10299999999999998	0.895031185120594
-0.10199999999999998	0.8941099593727608
-0.10099999999999998	0.8932032141616432
-0.09999999999999998	0.8923066514707999
-0.09899999999999998	0.8914206510887864
-0.09799999999999998	0.8905483999220336
-0.09699999999999998	0.8896875657802892
-0.09599999999999997	0.8888388710853311
-0.09499999999999997	0.8880008216012739
-0.09399999999999997	0.8871753413041248
-0.09299999999999997	0.8863597071062985
-0.09199999999999997	0.885556821061359
-0.09099999999999997	0.8847640909095127
-0.08999999999999997	0.883982370388837
-0.08899999999999997	0.8832127068067301
-0.08799999999999997	0.8824515844430473
-0.08699999999999997	0.8817024359567806
-0.08599999999999997	0.8809628189504766
-0.08499999999999996	0.8802313275066712
-0.08399999999999996	0.879517753675707
-0.08299999999999996	0.8788120391796526
-0.08199999999999996	0.8781138333538715
-0.08099999999999996	0.8774267960375993
-0.07999999999999996	0.8767513501800693
-0.07899999999999996	0.876086277634966
-0.07799999999999996	0.8754313839966172
-0.07699999999999996	0.874786614179423
-0.07599999999999996	0.8741536164381887
-0.07499999999999996	0.8735295943842007
-0.07399999999999995	0.8729174938543199
-0.07299999999999995	0.8723144999077349
-0.07199999999999995	0.8717232226547146
-0.07099999999999995	0.8711421488439063
-0.06999999999999995	0.8705712676786087
-0.06899999999999995	0.8700114422428394
-0.06799999999999995	0.8694628056104339
-0.06699999999999995	0.8689274518196783
-0.06599999999999995	0.8684002287331645
-0.06499999999999995	0.86788625932973
-0.06399999999999995	0.8673839546567418
-0.06299999999999994	0.8668917629228735
-0.061999999999999944	0.8664108902124672
-0.06099999999999994	0.8659444674324555
-0.05999999999999994	0.8654891949035999
-0.05899999999999994	0.865047249066787
-0.05799999999999994	0.8646166190838889
-0.05699999999999994	0.8642008450284937
-0.05599999999999994	0.8637981913618225
-0.05499999999999994	0.8634077283151332
-0.05399999999999994	0.8630335820881443
-0.052999999999999936	0.8626729532319464
-0.051999999999999935	0.8623282353226908
-0.050999999999999934	0.8619980206317664
-0.04999999999999993	0.8616794519537825
-0.04899999999999993	0.8613822836571448
-0.04799999999999993	0.8611022706931256
-0.04699999999999993	0.8608381883063293
-0.04599999999999993	0.8605932360074735
-0.04499999999999993	0.8603690934191818
-0.04399999999999993	0.860160711604831
-0.04299999999999993	0.859976238621069
-0.041999999999999926	0.859811588927587
-0.040999999999999925	0.859668906412372
-0.039999999999999925	0.8595498192967053
-0.039000000000000035	0.8594553532916246
-0.038000000000000034	0.8593868529345028
-0.03700000000000003	0.8593445957896585
-0.03600000000000003	0.8593286965345379
-0.03500000000000003	0.8593431345899809
-0.03400000000000003	0.8593959231708767
-0.03300000000000003	0.8594807415232948
-0.03200000000000003	0.8596022064758893
-0.031000000000000028	0.8597629370750621
-0.030000000000000027	0.8599653588918773
-0.029000000000000026	0.8602127452794077
-0.028000000000000025	0.8605086829653726
-0.027000000000000024	0.8608559554562156
-0.026000000000000023	0.8612602982086296
-0.025000000000000022	0.8617258992446195
-0.02400000000000002	0.8622583637612636
-0.02300000000000002	0.8628689731395468
-0.02200000000000002	0.8635500214976494
-0.02100000000000002	0.8643242446053783
-0.020000000000000018	0.8651963577148605
-0.019000000000000017	0.8661788419566828
-0.018000000000000016	0.8672851317116784
-0.017000000000000015	0.8685249264425161
-0.016000000000000014	0.8699206565327788
-0.015000000000000013	0.8715067937781352
-0.014000000000000012	0.8732903674372499
-0.013000000000000012	0.875306265586132
-0.01200000000000001	0.8776187479973012
-0.01100000000000001	0.880267763119044
-0.010000000000000009	0.8833242191543532
-0.009000000000000008	0.8868777475201091
-0.008000000000000007	0.891074361586319
-0.007000000000000006	0.8960932841759163
-0.006000000000000005	0.9022117082679978
-0.0050000000000000044	0.9098641940120187
-0.0040000000000000036	0.9197961662186827
-0.0030000000000000027	0.9334551125892765
-0.0020000000000000018	0.9541918332941802
-0.0010000000000000009	0.9925583506437059
0.	100.
0.0010000000000000009	0.8843703682802366
0.002000000000000113	0.8136080431727389
0.0030000000000000027	0.7730390347858301
0.004000000000000115	0.7450317950416947
0.0050000000000000044	0.7238816937096552
0.006000000000000116	0.7070474407557181
0.007000000000000006	0.6931668260568481
0.008000000000000118	0.6814296652178031
0.009000000000000008	0.6713103409923487
0.01000000000000012	0.6624532361520735
0.01100000000000001	0.6546064785032899
0.012000000000000122	0.6475838666814957
0.013000000000000012	0.6412456769645861
0.014000000000000123	0.6354847991527247
0.015000000000000013	0.6302167347994344
0.016000000000000125	0.6253728788831984
0.017000000000000015	0.620899568130298
0.018000000000000127	0.6167484582129723
0.019000000000000017	0.6128858825944242
0.02000000000000013	0.6092770586376367
0.02100000000000002	0.6058836803092639
0.02200000000000013	0.6027177093303068
0.02300000000000002	0.5997242190919176
0.024000000000000132	0.5968994539837851
0.025000000000000022	0.5942272246105965
0.025999999999999912	0.5916947126808206
0.027000000000000024	0.5892911096669654
0.027999999999999914	0.5870044079215089
0.029000000000000026	0.584826349028701
0.029999999999999916	0.5827486383775635
0.031000000000000028	0.5807646818677723
0.03199999999999992	0.5788671957510523
0.03300000000000003	0.5770503724323532
0.03399999999999992	0.575308943381322
0.03500000000000003	0.5736362391907345
0.03599999999999992	0.5720333207822279
0.03700000000000003	0.5704903396652236
0.03799999999999992	0.569006390262115
0.039000000000000035	0.5675770886581507
0.039999999999999925	0.5661995742447616
0.041000000000000036	0.5648707278262292
0.041999999999999926	0.5635885619977974
0.04300000000000004	0.5623502219491893
0.04399999999999993	0.5611531069981159
0.04500000000000004	0.5599962703359314
0.04599999999999993	0.5588769868140696
0.04700000000000004	0.557792781390181
0.04799999999999993	0.5567431334671419
0.049000000000000044	0.555725387523162
0.04999999999999993	0.5547379867769975
0.051000000000000045	0.5537809358087036
0.051999999999999935	0.5528510504909367
0.05300000000000005	0.5519488886194541
0.05399999999999994	0.5510725203756901
0.05500000000000005	0.5502208695874312
0.05599999999999994	0.5493929280625713
0.05700000000000005	0.5485875251079649
0.05799999999999994	0.5478041300654409
0.05900000000000005	0.547041696507886
0.05999999999999994	0.5462994124391262
0.061000000000000054	0.5455765430736212
0.061999999999999944	0.5448723271916659
0.06300000000000006	0.5441862969382193
0.06399999999999995	0.543516961900997
0.06500000000000006	0.5428646613656397
0.06599999999999995	0.5422287284616716
0.06700000000000006	0.5416080354778715
0.06799999999999995	0.5410023381608416
0.06900000000000006	0.5404111264862684
0.06999999999999995	0.5398339144191383
0.07100000000000006	0.5392702371761354
0.07199999999999995	0.538719651242218
0.07300000000000006	0.5381817035977423
0.07399999999999995	0.5376559417397806
0.07500000000000007	0.5371422395512656
0.07599999999999996	0.5366400156178948
0.07700000000000007	0.5361488435057943
0.07799999999999996	0.5356685873008561
0.07900000000000007	0.5351999368908295
0.07999999999999996	0.5347392197447006
0.08100000000000007	0.5342894630820656
0.08199999999999996	0.5338493668278925
0.08300000000000007	0.5334186034043493
0.08399999999999996	0.5329969031205597
0.08500000000000008	0.5325840150677358
0.08599999999999997	0.5321795959874362
0.08700000000000008	0.5317834758053905
0.08799999999999997	0.5313955291685244
0.08900000000000008	0.5310154224890374
0.08999999999999997	0.5306430691906628
0.09100000000000008	0.5302780906744411
0.09199999999999997	0.5299202540037062
0.09300000000000008	0.529569581229938
0.09399999999999997	0.5292259646360461
0.09500000000000008	0.5288889645602928
0.09599999999999997	0.5285584045403018
0.09700000000000009	0.5282342903426648
0.09799999999999998	0.5279169777213509
0.09900000000000009	0.5276052680121978
0.09999999999999998	0.5272994477985407
0.10100000000000009	0.5269995333582845
0.10199999999999998	0.5267052711059151
0.10300000000000009	0.5264161120367863
0.10399999999999998	0.5261329040736894
0.1050000000000001	0.5258545835248961
0.10599999999999998	0.5255815778482847
0.1070000000000001	0.5253136652069881
0.10799999999999998	0.5250504274951482
0.1090000000000001	0.524792349242767
0.10999999999999999	0.5245390542766333
0.1110000000000001	0.5242900960061061
0.11199999999999999	0.5240456312245996
0.1130000000000001	0.5238055622214063
0.11399999999999999	0.5235697941504005
0.1150000000000001	0.5233382349200995
0.11599999999999999	0.5231107950879512
0.1170000000000001	0.5228873877632001
0.118	0.5226679285125503
0.1190000000000001	0.5224527425313295
0.12	0.5222409333939694
0.12100000000000011	0.5220328018154977
0.122	0.5218283349137559
0.12300000000000011	0.521627611687414
0.124	0.5214301331392498
0.1250000000000001	0.521236180161171
0.126	0.5210455628513815
0.1270000000000001	0.5208581967690709
0.128	0.5206740161296364
0.12900000000000011	0.5204930343034514
0.13	0.520315197794603
0.13100000000000012	0.5201404047538913
0.132	0.5199685975649335
0.13300000000000012	0.5197997493427361
0.134	0.5196337457152899
0.13500000000000012	0.5194704252986572
0.136	0.5193103544829881
0.13700000000000012	0.5191525267549105
0.138	0.5189974770236593
0.13900000000000012	0.5188450696938124
0.14	0.5186952410570072
0.14100000000000013	0.5185478986788761
0.14200000000000002	0.5184031649169472
0.14300000000000013	0.5182607536310001
0.14400000000000002	0.5181207280819856
0.14500000000000013	0.517983096668097
0.14600000000000002	0.5178478052134279
0.14700000000000013	0.5177147445710509
0.14800000000000002	0.5175845216721087
0.14900000000000013	0.5174560240976992
0.15000000000000002	0.5173287934940012
0.15100000000000013	0.517204550663421
0.15200000000000002	0.5170820783684961
0.15300000000000014	0.5169619555704011
0.15400000000000003	0.5168437630947218
0.15499999999999992	0.5167275547182087
0.15600000000000003	0.5166132972365336
0.15699999999999992	0.5165009515191623
0.15800000000000003	0.5163904867294878
0.15899999999999992	0.516281929486293
0.16000000000000003	0.5161751335769116
0.16099999999999992	0.5160700760742483
0.16200000000000003	0.5159668908338259
0.16299999999999992	0.5158654395607485
0.16400000000000003	0.5157657340270778
0.16499999999999992	0.5156676744553718
0.16600000000000004	0.5155712696257533
0.16699999999999993	0.5154762933018721
0.16800000000000004	0.5153831221644929
0.16899999999999993	0.5152917236140231
0.17000000000000004	0.5152016956637826
0.17099999999999993	0.5151130781687137
0.17200000000000004	0.5150260992312815
0.17299999999999993	0.5149406002761749
0.17400000000000004	0.5148566001743388
0.17499999999999993	0.5147740337962995
0.17600000000000005	0.5146928855242994
0.17699999999999994	0.5146130431356961
0.17800000000000005	0.5145346908050727
0.17899999999999994	0.5144577779032665
0.18000000000000005	0.5143821385301245
0.18099999999999994	0.5143078375827217
0.18200000000000005	0.5142347111979776
0.18299999999999994	0.5141629695698647
0.18400000000000005	0.5140926006183449
0.18499999999999994	0.5140233798198725
0.18600000000000005	0.5139553907570582
0.18699999999999994	0.513888665908154
0.18800000000000006	0.5138233028116451
0.18899999999999995	0.5137586066087648
0.19000000000000006	0.513695488122898
0.19099999999999995	0.5136333138497287
0.19200000000000006	0.5135723577207433
0.19299999999999995	0.51351255721467
0.19400000000000006	0.5134537772054169
0.19499999999999995	0.5133960233464687
0.19600000000000006	0.5133394424833881
0.19699999999999995	0.5132839219619281
0.19800000000000006	0.5132294483039755
0.19899999999999995	0.5131761325450749
0.20000000000000007	0.5131239991396783
0.20099999999999996	0.5130725728451554
0.20200000000000007	0.5130221820220133
0.20299999999999996	0.5129726560662118
0.20400000000000007	0.5129239290941756
0.20499999999999996	0.5128763635030583
0.20600000000000007	0.5128297345599327
0.20699999999999996	0.5127840300506902
0.20800000000000007	0.5127392378840426
0.20899999999999996	0.5126953464171298
0.21000000000000008	0.512652343960008
0.21099999999999997	0.5126100232312861
0.21200000000000008	0.512568875380527
0.21299999999999997	0.5125287250573852
0.21400000000000008	0.5124891986458935
0.21499999999999997	0.5124504781792218
0.21600000000000008	0.5124124917740331
0.21699999999999997	0.51237539418018
0.21800000000000008	0.5123390996683453
0.21899999999999997	0.5123035988214213
0.22000000000000008	0.5122688830033915
0.22099999999999997	0.5122349421828742
0.2220000000000001	0.5122017470715765
0.22299999999999998	0.5121693004579924
0.2240000000000001	0.5121376015442117
0.22499999999999998	0.5121066399876488
0.2260000000000001	0.5120761488487683
0.22699999999999998	0.5120466374931077
0.2280000000000001	0.5120178319506655
0.22899999999999998	0.5119897050441061
0.2300000000000001	0.5119623428214585
0.23099999999999998	0.5119356033762136
0.2320000000000001	0.5119095584506537
0.23299999999999998	0.5118841610893492
0.2340000000000001	0.5118594240705535
0.235	0.5118353393656166
0.2360000000000001	0.5118118990536139
0.237	0.5117890953590591
0.2380000000000001	0.5117669414101472
0.239	0.5117454551523728
0.2400000000000001	0.511724311808731
0.241	0.5117038812353977
0.2420000000000001	0.5116841560489347
0.243	0.5116650337929237
0.2440000000000001	0.5116464924619406
0.245	0.5116285003015264
0.2460000000000001	0.511611088439452
0.247	0.5115943396509806
0.2480000000000001	0.5115780227838352
0.249	0.5115625878131697
0.2500000000000001	0.5115473041128596
0.251	0.5115326641657458
0.2520000000000001	0.5115185576186934
0.253	0.5115049795480868
0.2540000000000001	0.5114919239740368
0.255	0.5114793850024799
0.2560000000000001	0.5114673568226387
0.257	0.5114558337132664
0.2580000000000001	0.5114448100328988
0.259	0.5114342802045244
0.2600000000000001	0.5114242387646899
0.261	0.5114147023474731
0.2620000000000001	0.5114056201318615
0.263	0.5113970119182462
0.2640000000000001	0.5113888738652559
0.265	0.5113811983689305
0.2660000000000001	0.5113739803093418
0.267	0.5113672146306663
0.2680000000000001	0.5113608963739175
0.269	0.5113550206423019
0.27000000000000013	0.5113495824879664
0.271	0.5113445956646486
0.27200000000000013	0.5113400172180205
0.273	0.5113358625556981
0.27400000000000013	0.5113321271147909
0.275	0.5113288064067769
0.27600000000000013	0.5113258959885502
0.277	0.5113233914895288
0.27800000000000014	0.5113212885894063
0.279	0.5113195830331194
0.28000000000000014	0.5113182871327583
0.281	0.511317334791819
0.2819999999999999	0.511316707680559
0.28300000000000003	0.5113165419608979
0.2839999999999999	0.5113167631984338
0.28500000000000003	0.5113173296757151
0.2859999999999999	0.5113182977225871
0.28700000000000003	0.5113196241373293
0.2879999999999999	0.5113213580512304
0.28900000000000003	0.5113234112392676
0.2899999999999999	0.5113258143403221
0.29100000000000004	0.5113285842348211
0.2919999999999999	0.5113316534054486
0.29300000000000004	0.5113351051537002
0.29399999999999993	0.5113388629925674
0.29500000000000004	0.5113430182473597
0.29599999999999993	0.5113474732569555
0.29700000000000004	0.5113522099699355
0.29799999999999993	0.5113573288432187
0.29900000000000004	0.511362765948259
0.29999999999999993	0.5113685159733258
0.30100000000000005	0.5113745948226919
0.30199999999999994	0.5113809909238631
0.30300000000000005	0.511387674030785
0.30399999999999994	0.5113946460149749
0.30500000000000005	0.5114019474047997
0.30599999999999994	0.5114095540110256
0.30700000000000005	0.5114174508893055
0.30799999999999994	0.5114256375556866
0.30900000000000005	0.5114341161919052
0.30999999999999994	0.5114428838917601
0.31100000000000005	0.5114519283900814
0.31199999999999994	0.511461243822032
0.31300000000000006	0.5114708734694681
0.31399999999999995	0.5114807607324883
0.31500000000000006	0.5114909139831341
0.31599999999999995	0.51150136332044
0.31700000000000006	0.5115121071335957
0.31799999999999995	0.5115230835034889
0.31900000000000006	0.5115343437288612
0.31999999999999995	0.5115458503217388
0.32100000000000006	0.5115576148285591
0.32199999999999995	0.5115696162293909
0.32300000000000006	0.5115818944399534
0.32399999999999995	0.5115944402835274
0.32500000000000007	0.5116072157669147
0.32599999999999996	0.5116202390768897
0.32700000000000007	0.5116335066033965
0.32799999999999996	0.5116470163366684
0.32900000000000007	0.5116607657999914
0.32999999999999996	0.5116747526256069
0.33100000000000007	0.5116890206076823
0.33199999999999996	0.5117035055374372
0.3330000000000001	0.5117181797630647
0.33399999999999996	0.5117331750331986
0.3350000000000001	0.5117483159095816
0.33599999999999997	0.5117636255822331
0.3370000000000001	0.5117792175630355
0.33799999999999997	0.511795041840523
0.3390000000000001	0.5118110652440927
0.33999999999999997	0.5118273226202688
0.3410000000000001	0.5118437369308126
0.34199999999999997	0.5118604039904399
0.3430000000000001	0.5118772808300525
0.344	0.5118943654731429
0.3450000000000001	0.5119116559649821
0.346	0.5119291503717791
0.3470000000000001	0.5119468467803633
0.348	0.5119647432979367
0.3490000000000001	0.5119828380518028
0.35	0.5120011291869341
0.3510000000000001	0.5120196148738673
0.352	0.5120382932969811
0.3530000000000001	0.5120571626609081
0.354	0.5120762211934248
0.3550000000000001	0.5120954671234356
0.356	0.5121148987288007
0.3570000000000001	0.5121345142812721
0.358	0.5121543120948401
0.3590000000000001	0.5121742904375219
0.36	0.5121944476839435
0.3610000000000001	0.5122147821702987
0.362	0.5122352922625659
0.3630000000000001	0.5122559763433405
0.364	0.5122768328138096
0.3650000000000001	0.5122978600880717
0.366	0.512319056599957
0.3670000000000001	0.5123404207955266
0.368	0.5123619511386784
0.3690000000000001	0.5123836461133603
0.37	0.5124055218771589
0.3710000000000001	0.5124275412580365
0.372	0.5124497208024537
0.3730000000000001	0.5124720590501152
0.374	0.5124945545553955
0.3750000000000001	0.5125172057485905
0.376	0.5125400114923391
0.3770000000000001	0.5125629702390371
0.378	0.5125860806042151
0.3790000000000001	0.5126093412120228
0.38	0.5126327507010396
0.3810000000000001	0.5126563077230802
0.382	0.5126800109435548
0.3830000000000001	0.5127038590408104
0.384	0.5127278507061866
0.3850000000000001	0.5127519846438523
0.386	0.5127762595707173
0.3870000000000001	0.5128006742140341
0.388	0.5128252273193421
0.3890000000000001	0.5128499176409043
0.39	0.5128747439471448
0.3910000000000001	0.5128997124467944
0.392	0.5129248685877582
0.3930000000000001	0.5129500933642931
0.394	0.512975449451813
0.39500000000000013	0.5130009335413479
0.396	0.5130265576184352
0.39700000000000013	0.5130523197584129
0.398	0.5130781879468687
0.39900000000000013	0.5131041815562024
0.4	0.5131302994626576
0.40100000000000013	0.5131565405546462
0.402	0.513182464331481
0.40300000000000014	0.5132089347885395
0.404	0.513235531119143
0.40500000000000014	0.5132622553839998
0.406	0.5132890974109174
0.40700000000000014	0.5133160636375913
0.40800000000000003	0.5133431382359835
0.4089999999999999	0.513370313275061
0.41000000000000003	0.5133976159937512
0.4109999999999999	0.513425031675057
0.41200000000000003	0.5134525589317006
0.4129999999999999	0.5134802057323355
0.41400000000000003	0.5135079533885135
0.4149999999999999	0.5135358096955944
0.41600000000000004	0.5135637736962113
0.4169999999999999	0.5135918731616397
0.41800000000000004	0.5136200539502243
0.41899999999999993	0.5136483333333126
0.42000000000000004	0.5136767163367038
0.42099999999999993	0.5137052020113042
0.42200000000000004	0.5137337894185583
0.42299999999999993	0.5137624776172492
0.42400000000000004	0.5137912760630904
0.42499999999999993	0.5138201658376842
0.42600000000000005	0.5138491539585336
0.42699999999999994	0.5138782506066395
0.42800000000000005	0.5139074339009446
0.42899999999999994	0.513936712925148
0.43000000000000005	0.5139660869690416
0.43099999999999994	0.5139955551902793
0.43200000000000005	0.5140251167539153
0.43299999999999994	0.5140547708320896
0.43400000000000005	0.5140845166044585
0.43499999999999994	0.5141143532577509
0.43600000000000005	0.5141442799855069
0.43699999999999994	0.514174295988859
0.43800000000000006	0.5142044004755584
0.43899999999999995	0.5142345926604451
0.44000000000000006	0.5142648717651841
0.44099999999999995	0.514295226893855
0.44200000000000006	0.5143256794763638
0.44299999999999995	0.5143562167547643
0.44400000000000006	0.5143868458307148
0.44499999999999995	0.5144175614561528
0.44600000000000006	0.5144483447504693
0.44699999999999995	0.514479222430689
0.44800000000000006	0.514510184822442
0.44899999999999995	0.5145412079646658
0.45000000000000007	0.5145723124629463
0.45099999999999996	0.5146035038053561
0.45200000000000007	0.5146347499841203
0.45299999999999996	0.5146661162568278
0.45400000000000007	0.5146975220494471
0.45499999999999996	0.5147289777209584
0.45600000000000007	0.5147605502804488
0.45699999999999996	0.5147926028289412
0.4580000000000001	0.5148243259166937
0.45899999999999996	0.514855929993758
0.4600000000000001	0.5148884754452203
0.46099999999999997	0.5149204167405231
0.4620000000000001	0.5149524295378508
0.46299999999999997	0.5149845132060437
0.4640000000000001	0.515016667117255
0.46499999999999997	0.515048890648091
0.4660000000000001	0.5150811831896182
0.46699999999999997	0.5151135441264254
0.4680000000000001	0.5151459728547264
0.469	0.5151784687727325
0.4700000000000001	0.5152110312876873
0.471	0.5152436598072915
0.4720000000000001	0.5152763537470644
0.473	0.5153091125267895
0.4740000000000001	0.515341935570996
0.475	0.5153748222986085
0.4760000000000001	0.5154077721546234
0.477	0.5154407845753789
0.4780000000000001	0.5154738588258571
0.479	0.5155069946677444
0.4800000000000001	0.515540195433422
0.481	0.5155734528657382
0.4820000000000001	0.5156067700837537
0.483	0.5156401465238882
0.4840000000000001	0.5156735841298559
0.485	0.5157071635147717
0.4860000000000001	0.5157398458020872
0.487	0.5157734589696193
0.4880000000000001	0.515807139277334
0.489	0.5158408742939924
0.4900000000000001	0.5158746477271047
0.491	0.5159084641551531
0.4920000000000001	0.5159423692910532
0.493	0.5159763045923501
0.4940000000000001	0.5160102961205517
0.495	0.5160443407874405
0.4960000000000001	0.5160784381099617
0.497	0.5161125876090062
0.4980000000000001	0.5161467888093895
0.499	0.5161810412396914
0.5000000000000001	0.5162153444321644
0.501	0.5162496979211286
0.5020000000000001	0.5162841012500263
0.503	0.516318553960835
0.5040000000000001	0.5163530556006707
0.505	0.5163876057200948
0.5060000000000001	0.5164222038774038
0.507	0.5164568496241851
0.5080000000000001	0.5164915425168498
0.509	0.5165262821358532
0.5100000000000001	0.5165610680425133
0.511	0.5165958998130055
0.5120000000000001	0.5166307770111093
0.513	0.5166656992241834
0.5140000000000001	0.5167006660324573
0.515	0.5167356770211217
0.5160000000000001	0.5167707317785605
0.517	0.5168058298973938
0.5180000000000001	0.516840970971853
0.519	0.516876154601518
0.5200000000000001	0.5169113803857397
0.521	0.5169466479299772
0.5220000000000001	0.51698195684104
0.523	0.5170173067343691
0.5240000000000001	0.5170526972160137
0.525	0.5170881279071103
0.5260000000000001	0.5171235984266882
0.527	0.5171591083974447
0.5280000000000001	0.5171946574450154
0.529	0.5172302617820591
0.5300000000000001	0.5172658877978301
0.531	0.5173015517880524
0.5320000000000001	0.5173372533828399
0.533	0.5173729922243538
0.5340000000000001	0.5174087679567938
0.535	0.5174445802274928
0.5360000000000001	0.5174804286855831
0.537	0.5175163129799564
0.5379999999999999	0.5175522327640056
0.539	0.5175881876945696
0.5399999999999999	0.5176241774276017
0.541	0.5176602016290098
0.5419999999999999	0.5176962599605716
0.543	0.5177323520935844
0.5439999999999999	0.5177684776818507
0.545	0.517804636416023
0.5459999999999999	0.5178408279653338
0.547	0.5178770520004994
0.5479999999999999	0.5179133082038422
0.549	0.5179495962563198
0.5499999999999999	0.5179859158437908
0.551	0.5180222666518042
0.5519999999999999	0.5180586483679837
0.553	0.518095060686578
0.5539999999999999	0.5181315032958599
0.555	0.5181679758950798
0.5559999999999999	0.5182044781816931
0.557	0.518241009855822
0.5579999999999999	0.5182775706202231
0.559	0.5183141601796462
0.5599999999999999	0.5183507782411413
0.561	0.5183874245117857
0.5619999999999999	0.5184240987068265
0.5630000000000001	0.5184608005381497
0.564	0.5184975297209747
0.5650000000000001	0.5185342859774404
0.566	0.5185711021941232
0.5670000000000001	0.5186079145234648
0.568	0.5186447532531084
0.5690000000000001	0.5186815987479576
0.57	0.5187184876013627
0.5710000000000001	0.5187554019168208
0.572	0.5187923414250851
0.5730000000000001	0.5188293058570929
0.574	0.5188662949427134
0.5750000000000001	0.5189033084098381
0.576	0.5189403459835176
0.5770000000000001	0.5189774073854682
0.578	0.5190144856162942
0.5790000000000001	0.519051593783075
0.58	0.5190887249109486
0.5810000000000001	0.5191258787039934
0.582	0.5191636037935032
0.5830000000000001	0.5192007987078409
0.584	0.5192380157278517
0.5850000000000001	0.5192752546081887
0.586	0.5193125151108406
0.5870000000000001	0.519349796997839
0.588	0.5193871028176004
0.5890000000000001	0.5194244264594692
0.59	0.5194617707900884
0.5910000000000001	0.519499135580312
0.592	0.5195365205920381
0.5930000000000001	0.5195739255972444
0.594	0.5196113503671677
0.5950000000000001	0.5196487946749238
0.596	0.51968626245876
0.5970000000000001	0.5197237442692114
0.598	0.519761227817522
0.5990000000000001	0.5197987499314415
0.6	0.5198362905106233
0.6010000000000001	0.5198738493417192
0.602	0.5199114262162252
0.6030000000000001	0.5199490209194406
0.604	0.5199866332462332
0.6050000000000001	0.5200242629829596
0.606	0.5200619099418721
0.6070000000000001	0.5200995739132959
0.608	0.5201372546986487
0.6090000000000001	0.5201749521159119
0.61	0.5202126659241653
0.6110000000000001	0.5202503959683951
0.612	0.5202881420488575
0.6130000000000001	0.5203259039733948
0.614	0.5203637001032686
0.6150000000000001	0.520401492495626
0.616	0.5204393001242008
0.6170000000000001	0.5204771227997697
0.618	0.5205149603321793
0.6190000000000001	0.5205528125282888
0.62	0.5205906791906013
0.6210000000000001	0.5206285601137136
0.622	0.5206664550809745
0.6230000000000001	0.5207043638596629
0.624	0.5207422861973577
0.6250000000000001	0.5207802218210711
0.626	0.5208181704261378
0.6270000000000001	0.5208561317027081
0.628	0.5208941051930545
0.6290000000000001	0.5209320909104594
0.63	0.5209700884804291
0.6310000000000001	0.5210080977467051
0.632	0.5210461186193612
0.6330000000000001	0.5210841510631473
0.634	0.5211221950573648
0.6350000000000001	0.5211602505803429
0.636	0.5211983175724727
0.6370000000000001	0.5212363959780679
0.638	0.5212745046731941
0.6390000000000001	0.521312600192494
0.64	0.5213507070156123
0.6410000000000001	0.5213888180846954
0.642	0.5214269470969924
0.6430000000000001	0.5214650869876423
0.644	0.5215032374481928
0.6450000000000001	0.5215413983590866
0.646	0.5215795695364923
0.6470000000000001	0.5216177506429642
0.648	0.5216559417970108
0.6490000000000001	0.5216941426707189
0.65	0.5217323516995125
0.6510000000000001	0.5217706032281583
0.652	0.5218088290148754
0.6530000000000001	0.5218470638276071
0.654	0.5218853075687052
0.6550000000000001	0.5219235601567381
0.656	0.5219618213568944
0.6570000000000001	0.5220000911149231
0.658	0.5220383692113961
0.6590000000000001	0.522076655475854
0.66	0.5221149497520134
0.6610000000000001	0.5221527899855708
0.662	0.5221911039473411
0.6630000000000001	0.5222294253249624
0.664	0.5222677539734305
0.6650000000000001	0.5223060897485889
0.666	0.5223444325083423
0.6669999999999999	0.522382782112071
0.668	0.5224211384225614
0.6689999999999999	0.5224595013050257
0.67	0.5224978706280027
0.6709999999999999	0.5225362462632243
0.672	0.522574628085577
0.6729999999999999	0.522613015972768
0.674	0.5226514098031269
0.6749999999999999	0.5226898094624607
0.676	0.5227282072410547
0.6769999999999999	0.5227666180725982
0.678	0.522805034532202
0.6789999999999999	0.5228434563633485
0.68	0.5228818834338765
0.6809999999999999	0.5229203156469329
0.682	0.5229587528701957
0.6829999999999999	0.522997194986681
0.684	0.5230356418184184
0.6849999999999999	0.5230740933388631
0.686	0.5231125493717441
0.6869999999999999	0.5231509823498007
0.6880000000000001	0.5231894744202978
0.689	0.5232279023513625
0.6900000000000001	0.5232663720079037
0.691	0.5233048453902598
0.6920000000000001	0.5233433223825097
0.693	0.5233817995110333
0.6940000000000001	0.5234202833235332
0.695	0.5234587721648398
0.6960000000000001	0.523497262693444
0.697	0.523535752434592
0.6980000000000001	0.5235742490787708
0.699	0.5236127502880044
0.7000000000000001	0.5236512486088428
0.701	0.5236897540976747
0.7020000000000001	0.5237282636313311
0.703	0.5237667774112906
0.7040000000000001	0.5238054001687883
0.705	0.5238439179668286
0.7060000000000001	0.5238824379021202
0.707	0.5239209541519381
0.7080000000000001	0.5239590694202958
0.709	0.5239976168683647
0.7100000000000001	0.524036143290523
0.711	0.5240746713846676
0.7120000000000001	0.5241132010427811
0.713	0.5241517321701892
0.7140000000000001	0.5241905394618999
0.715	0.524229063569223
0.7160000000000001	0.5242675792291213
0.717	0.5243061203998588
0.7180000000000001	0.5243447118188108
0.719	0.524383248642282
0.7200000000000001	0.5244217862335361
0.721	0.5244603246155046
0.7220000000000001	0.5244988636319295
0.723	0.5245374281545624
0.7240000000000001	0.5245759671573972
0.725	0.5246145066256068
0.7260000000000001	0.5246530463637951
0.727	0.5246915861409125
0.7280000000000001	0.5247301184009847
0.729	0.5247686446489995
0.7300000000000001	0.5248071832142321
0.731	0.5248457140664711
0.7320000000000001	0.5248842451522131
0.733	0.5249227766927912
0.7340000000000001	0.5249613571271112
0.735	0.5249998890075299
0.7360000000000001	0.5250384111277526
0.737	0.5250769469342896
0.7380000000000001	0.5251154820499554
0.739	0.5251540163854117
0.7400000000000001	0.5251925498498966
0.741	0.5252310823599701
0.7420000000000001	0.5252696786676931
0.743	0.5253082108598593
0.7440000000000001	0.5253467417649236
0.745	0.5253852713033981
0.7460000000000001	0.5254237993961045
0.747	0.5254623259646318
0.7480000000000001	0.525500850930602
0.749	0.525539374216866
0.7500000000000001	0.5255778957463445
0.751	0.525616415442606
0.7520000000000001	0.5256549333816205
0.753	0.5256934491840242
0.7540000000000001	0.5257319629269802
0.755	0.5257704745331351
0.7560000000000001	0.5258089884936535
0.757	0.525847495604977
0.7580000000000001	0.5258860003624213
0.759	0.525924452432756
0.7600000000000001	0.5259629617882785
0.761	0.5260014535810215
0.7620000000000001	0.5260398701174123
0.763	0.5260783995220609
0.7640000000000001	0.5261168797618591
0.765	0.5261553925061629
0.7660000000000001	0.5261938996119168
0.767	0.5262323907711105
0.7680000000000001	0.5262708812885086
0.769	0.5263093455845261
0.7700000000000001	0.5263478055099182
0.771	0.5263862734842029
0.7720000000000001	0.5264247376096999
0.773	0.5264631576648761
0.7740000000000001	0.5265016527447192
0.775	0.5265400898693083
0.7760000000000001	0.5265785422045735
0.777	0.5266169749327677
0.7780000000000001	0.5266554063150842
0.779	0.5266938355347373
0.7800000000000001	0.5267322765703959
0.781	0.5267706979994339
0.7820000000000001	0.5268091161977237
0.783	0.5268475311422764
0.7840000000000001	0.5268858854838695
0.785	0.5269242977115631
0.7860000000000001	0.5269627058573552
0.787	0.5270011098463538
0.7880000000000001	0.5270395099299605
0.789	0.527077906889641
0.7900000000000001	0.5271162990580411
0.791	0.5271546852375111
0.7920000000000001	0.5271930677405255
0.793	0.5272314486087001
0.7939999999999999	0.5272698232349093
0.795	0.5273081929276195
0.7959999999999999	0.527346557933577
0.797	0.527384918058849
0.7979999999999999	0.527423272047961
0.799	0.527461622727652
0.7999999999999999	0.5274999682604159
0.801	0.5275383084520365
0.8019999999999999	0.5275766435696252
0.803	0.5276149734169677
0.8039999999999999	0.5276532979492846
0.805	0.5276916171273456
0.8059999999999999	0.527729930902656
0.807	0.5277682392150562
0.8079999999999999	0.5278065420142516
0.809	0.5278448392594697
0.8099999999999999	0.5278831308988039
0.811	0.5279214168720354
0.8119999999999999	0.527959697131659
0.8130000000000001	0.5279980485327649
0.814	0.5280363172784971
0.8150000000000001	0.5280745802012721
0.816	0.5281128372502213
0.8170000000000001	0.5281510883783294
0.818	0.5281893335310383
0.8190000000000001	0.5282275726537764
0.82	0.5282658057145323
0.8210000000000001	0.528304032676628
0.822	0.5283422470740685
0.8230000000000001	0.5283804611729898
0.824	0.5284186690094099
0.8250000000000001	0.5284568705371264
0.826	0.5284950657090506
0.8270000000000001	0.5285332544802845
0.828	0.5285714368036079
0.8290000000000001	0.5286096126360286
0.83	0.5286477819272167
0.8310000000000001	0.5286859446359786
0.832	0.5287241007169653
0.8330000000000001	0.5287622130006395
0.834	0.5288003608023613
0.8350000000000001	0.528838496312137
0.836	0.5288766250407557
0.8370000000000001	0.5289147469388089
0.838	0.5289528619573617
0.8390000000000001	0.5289909700692379
0.84	0.5290290712244138
0.8410000000000001	0.5290671653836523
0.842	0.5291052524973856
0.8430000000000001	0.5291433325276587
0.844	0.52918141604227
0.8450000000000001	0.5292194797126167
0.846	0.5292575363408996
0.8470000000000001	0.5292955859835637
0.848	0.5293336316224475
0.8490000000000001	0.5293716493135889
0.85	0.5294096670807696
0.8510000000000001	0.5294476931986632
0.852	0.5294857187524635
0.8530000000000001	0.5295237356460434
0.854	0.5295617461882798
0.8550000000000001	0.5295997363650877
0.856	0.5296377190558527
0.8570000000000001	0.5296756943296717
0.858	0.5297136620771724
0.8590000000000001	0.5297516250034529
0.86	0.5297895670337422
0.8610000000000001	0.5298274842224753
0.862	0.5298654293715216
0.8630000000000001	0.5299033592743959
0.864	0.5299412813089097
0.8650000000000001	0.5299791954195655
0.866	0.5300171014202246
0.8670000000000001	0.5300550057890616
0.868	0.5300928781167837
0.8690000000000001	0.5301307609277902
0.87	0.530168635612472
0.8710000000000001	0.5302065021371801
0.872	0.530244360463358
0.8730000000000001	0.5302822105579356
0.874	0.5303200523882702
0.8750000000000001	0.5303578859166627
0.876	0.5303957109540184
0.8770000000000001	0.5304335277701147
0.878	0.5304713361746046
0.8790000000000001	0.5305091361373779
0.88	0.5305469276254053
0.8810000000000001	0.5305847105900051
0.882	0.5306224850179354
0.8830000000000001	0.530660250868307
0.884	0.5306980081132358
0.8850000000000001	0.5307357469989019
0.886	0.5307734869610357
0.8870000000000001	0.5308112182221041
0.888	0.5308489407543387
0.8890000000000001	0.530886654531066
0.89	0.5309243595257264
0.8910000000000001	0.5309620557100951
0.892	0.530999743062782
0.8930000000000001	0.5310374215558865
0.894	0.5310750911637688
0.8950000000000001	0.5311127518600975
0.896	0.5311504036201286
0.8970000000000001	0.5311880464161843
0.898	0.5312256802218968
0.8990000000000001	0.5312633050143825
0.9	0.5313009205009983
0.9010000000000001	0.5313385271796008
0.902	0.5313761247607794
0.9030000000000001	0.5314137132144887
0.904	0.5314512925150385
0.9050000000000001	0.5314888626330284
0.906	0.5315264235462779
0.9070000000000001	0.5315639752199018
0.908	0.5316015176290285
0.9090000000000001	0.5316390507484019
0.91	0.5316765745502657
0.9110000000000001	0.5317140890083779
0.912	0.531751594096522
0.9130000000000001	0.5317890897888705
0.914	0.5318265760598905
0.9150000000000001	0.5318640527272965
0.916	0.5319015200801913
0.9170000000000001	0.5319389779361836
0.918	0.531976426272925
0.9190000000000002	0.532013865068641
0.92	0.5320512942931079
0.9209999999999999	0.5320887139252659
0.922	0.5321261239434281
0.9229999999999999	0.5321635243238421
0.924	0.5322009150437512
0.9249999999999999	0.5322382960803829
0.926	0.5322756674114769
0.9269999999999999	0.5323130290147957
0.928	0.5323503808681506
0.9289999999999999	0.5323877229497121
0.93	0.5324250552378077
0.9309999999999999	0.5324623777107672
0.932	0.5324996903472242
0.9329999999999999	0.5325369931258539
0.934	0.5325742860255038
0.9349999999999999	0.5326115780281471
0.936	0.5326488510957134
0.9369999999999999	0.5326861142220521
0.9380000000000001	0.5327233673865236
0.939	0.5327606105687586
0.9400000000000001	0.532797843748432
0.941	0.5328350669054011
0.9420000000000001	0.5328722800196579
0.943	0.5329094830713506
0.9440000000000001	0.5329466760407369
0.945	0.5329838589081982
0.9460000000000001	0.5330210316543915
0.947	0.5330581942600275
0.9480000000000001	0.5330953467058426
0.949	0.533132488972953
0.9500000000000001	0.5331696210402311
0.951	0.5332067428933581
0.9520000000000001	0.5332438545117582
0.953	0.5332809558768874
0.9540000000000001	0.5333180469705594
0.955	0.5333551277747205
0.9560000000000001	0.5333921982714718
0.957	0.5334292584431402
0.9580000000000001	0.5334663082719642
0.959	0.5335034418823877
0.9600000000000001	0.5335404356853443
0.961	0.5335774527402221
0.9620000000000001	0.533614459895605
0.963	0.5336514566260412
0.9640000000000001	0.5336884429095544
0.965	0.5337254303596642
0.9660000000000001	0.5337623840775139
0.967	0.5337993377634032
0.9680000000000001	0.5338362819603829
0.969	0.5338732156258675
0.9700000000000001	0.5339101387533621
0.971	0.5339470513239922
0.9720000000000001	0.5339839533207706
0.973	0.5340208447264676
0.9740000000000001	0.5340577255239328
0.975	0.5340945967482061
0.9760000000000001	0.5341314701465728
0.977	0.5341683386392122
0.9780000000000001	0.5342052476098296
0.979	0.5342420781167283
0.9800000000000001	0.5342787929646077
0.981	0.5343156035232345
0.9820000000000001	0.5343526236411755
0.983	0.5343893977150251
0.9840000000000001	0.5344261624772714
0.985	0.5344629208468077
0.9860000000000001	0.5344996712645745
0.987	0.5345364093680415
0.9880000000000001	0.5345731363885539
0.989	0.5346098493322351
0.9900000000000001	0.5346465611821033
0.991	0.5346832575591219
0.9920000000000001	0.5347199463722693
0.993	0.5347566235146578
0.9940000000000001	0.5347932512716355
0.995	0.5348298624500019
0.9960000000000001	0.5348664334317228
0.997	0.5349030652163215
0.9980000000000001	0.5349395554955558
0.999	0.5349761784667039
1.	0.5350127982258888